0.937815 1.446244 -2.464777 -0.349609 0.861279 -1.682476 0.389995 -1.167505 1.467520 -0.356225 -0.471847 1.503434
0.925493 1.392488 -2.453660 -0.349571 0.888691 -1.685537 0.388482 -1.158848 1.462815 -0.355895 -0.469248 1.501982
0.915975 1.356140 -2.444460 -0.349917 0.906778 -1.687158 0.387624 -1.153532 1.460249 -0.355656 -0.467569 1.500907
0.897794 1.294585 -2.425999 -0.351155 0.936897 -1.689136 0.386495 -1.145664 1.456305 -0.355218 -0.464820 1.498897
0.877791 1.235347 -2.404900 -0.353123 0.965569 -1.690150 0.385476 -1.138482 1.454067 -0.354755 -0.462242 1.496709
0.854390 1.174502 -2.379763 -0.355986 0.994975 -1.690249 0.384329 -1.130799 1.453767 -0.354234 -0.459613 1.494153
0.832925 1.124776 -2.356210 -0.358981 1.019050 -1.689335 0.383293 -1.124058 1.454930 -0.353771 -0.457464 1.491802
0.816463 1.089095 -2.337234 -0.361462 1.036246 -1.687801 0.382495 -1.118896 1.456487 -0.353422 -0.455928 1.489971
0.790450 1.035816 -2.305686 -0.365740 1.061719 -1.684208 0.381209 -1.110486 1.459839 -0.352875 -0.453634 1.486990
0.766028 0.988572 -2.274428 -0.370172 1.084214 -1.679794 0.379961 -1.102072 1.463762 -0.352271 -0.451723 1.483746
0.749277 0.957689 -2.252180 -0.373427 1.099109 -1.676307 0.379079 -1.095910 1.466780 -0.351741 -0.450830 1.481170
0.721653 0.908921 -2.214056 -0.379204 1.122793 -1.669898 0.377565 -1.084818 1.472195 -0.350908 -0.450475 1.477649
0.696826 0.867041 -2.178356 -0.384802 1.143135 -1.663601 0.376130 -1.073627 1.477370 -0.350473 -0.451762 1.476785
0.679904 0.839578 -2.153474 -0.388757 1.156500 -1.659134 0.375111 -1.065258 1.480948 -0.350498 -0.453746 1.478309
0.655636 0.801381 -2.116955 -0.394693 1.175114 -1.652576 0.373576 -1.051963 1.486039 -0.351209 -0.458552 1.484771
0.639891 0.777153 -2.092667 -0.398759 1.186919 -1.648268 0.372518 -1.042353 1.489252 -0.352236 -0.463194 1.492449
0.613563 0.737175 -2.050783 -0.406059 1.206341 -1.641063 0.370599 -1.024085 1.494307 -0.354949 -0.474533 1.511466
0.591849 0.704212 -2.014702 -0.412708 1.222219 -1.635207 0.368817 -1.006330 1.497987 -0.358144 -0.488431 1.533102
0.577465 0.682091 -1.989778 -0.417522 1.232764 -1.631428 0.367494 -0.992812 1.500048 -0.360783 -0.500601 1.550657
0.557471 0.650927 -1.953380 -0.424706 1.247593 -1.626449 0.365418 -0.971496 1.502149 -0.365254 -0.520702 1.579567
0.545139 0.631271 -1.929569 -0.429476 1.256927 -1.623617 0.363984 -0.956643 1.502829 -0.368555 -0.535190 1.600273
0.528603 0.603942 -1.895308 -0.436417 1.269840 -1.620243 0.361837 -0.934122 1.502671 -0.373777 -0.557914 1.632053
0.517638 0.585224 -1.871317 -0.441320 1.278512 -1.618449 0.360290 -0.917614 1.501753 -0.377730 -0.575149 1.655370
0.502459 0.558936 -1.836930 -0.448386 1.290401 -1.616833 0.358043 -0.893012 1.499394 -0.383741 -0.601737 1.689722
0.492826 0.542201 -1.814428 -0.453020 1.297832 -1.616470 0.356569 -0.876376 1.497232 -0.387840 -0.620322 1.712435
0.478687 0.517912 -1.780513 -0.460015 1.308551 -1.617044 0.354366 -0.850612 1.493124 -0.394237 -0.650088 1.746736
0.469477 0.502503 -1.757909 -0.464701 1.315461 -1.618115 0.352923 -0.833042 1.489866 -0.398723 -0.671131 1.769853
0.455663 0.480481 -1.723354 -0.471933 1.325784 -1.620839 0.350778 -0.805678 1.484165 -0.405897 -0.705178 1.805271
0.443181 0.462443 -1.691556 -0.478671 1.335122 -1.624540 0.348898 -0.780230 1.478275 -0.412735 -0.738335 1.837319
0.435141 0.452101 -1.670856 -0.483136 1.341208 -1.627596 0.347732 -0.763592 1.474160 -0.417260 -0.760856 1.857645
0.422886 0.438155 -1.639295 -0.490352 1.350949 -1.633509 0.346004 -0.737445 1.467333 -0.424371 -0.797721 1.888229
0.412620 0.427898 -1.613130 -0.497114 1.359886 -1.640046 0.344585 -0.714247 1.460965 -0.430557 -0.832104 1.913486
0.406709 0.422323 -1.598330 -0.501529 1.365470 -1.644762 0.343771 -0.700024 1.456942 -0.434207 -0.854067 1.927792
0.398821 0.415049 -1.579206 -0.508393 1.373913 -1.652692 0.342686 -0.679559 1.451036 -0.439113 -0.887033 1.946243
0.394145 0.410736 -1.568555 -0.513266 1.379894 -1.658513 0.342042 -0.666321 1.447174 -0.441940 -0.909307 1.956372
0.387792 0.406347 -1.556781 -0.520613 1.389605 -1.666185 0.341222 -0.647990 1.441981 -0.445058 -0.940743 1.966831
0.383770 0.404701 -1.551072 -0.525673 1.396451 -1.672474 0.340754 -0.636418 1.438898 -0.446371 -0.960676 1.970663
0.378004 0.404000 -1.545115 -0.533570 1.406868 -1.687220 0.340176 -0.620019 1.434937 -0.447072 -0.988688 1.971349
0.374207 0.404675 -1.542524 -0.539638 1.414597 -1.701266 0.339826 -0.609423 1.432398 -0.446527 -1.006993 1.967851
0.368677 0.407376 -1.540452 -0.550806 1.428433 -1.727583 0.339327 -0.594375 1.428527 -0.444226 -1.033420 1.956567
0.364913 0.410447 -1.540076 -0.560621 1.440322 -1.749918 0.338994 -0.584422 1.425794 -0.441748 -1.050897 1.944738
0.359003 0.417418 -1.540877 -0.580317 1.463321 -1.794358 0.338484 -0.569376 1.421400 -0.436679 -1.076756 1.919793
0.353508 0.426287 -1.542869 -0.603171 1.488375 -1.845748 0.338029 -0.556063 1.417259 -0.431056 -1.098421 1.890270
0.349901 0.433331 -1.544796 -0.620783 1.506820 -1.882010 0.337739 -0.547610 1.414515 -0.427046 -1.111231 1.867779
0.343897 0.447183 -1.549056 -0.654469 1.540260 -1.944139 0.337274 -0.533930 1.409907 -0.420045 -1.129752 1.825180
0.337968 0.463493 -1.554547 -0.692849 1.575482 -2.010374 0.336840 -0.520759 1.405314 -0.412953 -1.144148 1.777100
0.332447 0.481071 -1.560801 -0.732868 1.608963 -2.074964 0.336462 -0.508661 1.401012 -0.406326 -1.153495 1.727169
0.329393 0.491806 -1.564734 -0.756535 1.627118 -2.111147 0.336267 -0.501991 1.398625 -0.402602 -1.156684 1.696944
0.324386 0.510992 -1.571903 -0.797001 1.654928 -2.169772 0.335975 -0.491025 1.394717 -0.396618 -1.158646 1.645024
0.321056 0.524853 -1.577154 -0.824416 1.670963 -2.207322 0.335803 -0.483673 1.392127 -0.392803 -1.157541 1.610574
0.316045 0.547379 -1.585765 -0.865344 1.689534 -2.260318 0.335576 -0.472467 1.388258 -0.387318 -1.152250 1.560513
0.313132 0.561404 -1.591158 -0.888752 1.697133 -2.289133 0.335454 -0.465854 1.386025 -0.384366 -1.147701 1.532029
0.307987 0.587733 -1.601274 -0.927833 1.703783 -2.335369 0.335268 -0.453982 1.382151 -0.379632 -1.137668 1.484388
0.303358 0.612941 -1.610867 -0.958513 1.701058 -2.370575 0.335142 -0.443214 1.378784 -0.375885 -1.127096 1.446295
0.300320 0.630121 -1.617307 -0.975205 1.694102 -2.389668 0.335077 -0.436325 1.376661 -0.373666 -1.119687 1.424708
0.295932 0.655583 -1.626632 -0.993065 1.676128 -2.410741 0.335004 -0.426738 1.373754 -0.370755 -1.108739 1.399453
0.292931 0.673440 -1.632979 -1.000499 1.658153 -2.420494 0.334969 -0.420427 1.371879 -0.368934 -1.101265 1.386579
0.288442 0.703823 -1.643502 -1.006036 1.619681 -2.430379 0.334933 -0.410535 1.369017 -0.366339 -1.089663 1.371284
0.284680 0.734880 -1.653971 -1.004394 1.572176 -2.433197 0.334924 -0.401479 1.366509 -0.364498 -1.080130 1.361686
0.281815 0.763225 -1.663306 -0.998004 1.523434 -2.430215 0.334936 -0.394100 1.364577 -0.363583 -1.073980 1.356466
0.279968 0.783097 -1.669738 -0.991542 1.487090 -2.425359 0.334954 -0.389418 1.363423 -0.363230 -1.070781 1.354093
0.277449 0.812890 -1.679244 -0.979515 1.430293 -2.414325 0.334995 -0.383125 1.361995 -0.363069 -1.067392 1.351584
0.275725 0.835879 -1.686489 -0.968756 1.385257 -2.403071 0.335038 -0.378849 1.361138 -0.363205 -1.065741 1.349987
0.273923 0.863472 -1.695115 -0.954588 1.330547 -2.386788 0.335102 -0.374370 1.360391 -0.363587 -1.064577 1.348820
0.272784 0.883949 -1.701484 -0.943405 1.289868 -2.372944 0.335158 -0.371504 1.360035 -0.363986 -1.064136 1.348550
0.271373 0.915745 -1.711348 -0.925234 1.227176 -2.348814 0.335262 -0.367825 1.359828 -0.364740 -1.063911 1.349160
0.270719 0.935793 -1.717571 -0.913410 1.188231 -2.332117 0.335337 -0.365993 1.359917 -0.365270 -1.063922 1.350209
0.270086 0.967237 -1.727369 -0.894482 1.128490 -2.303881 0.335472 -0.363895 1.360414 -0.366136 -1.063946 1.352936
0.269946 0.988351 -1.733991 -0.881592 1.089509 -2.283653 0.335575 -0.363031 1.361001 -0.366715 -1.063832 1.355548
0.270238 1.022301 -1.744757 -0.860871 1.028768 -2.249003 0.335776 -0.362495 1.362349 -0.367594 -1.063160 1.361158
0.270668 1.040266 -1.750530 -0.850087 0.997408 -2.229531 0.335928 -0.362766 1.363478 -0.368014 -1.062445 1.364883
0.271920 1.071743 -1.760811 -0.831509 0.943854 -2.193736 0.336355 -0.364956 1.367125 -0.368650 -1.060359 1.372789
0.273101 1.092225 -1.767638 -0.819629 0.910025 -2.169432 0.336795 -0.368058 1.371250 -0.368984 -1.058291 1.378961
0.275368 1.121849 -1.777749 -0.802708 0.862613 -2.133067 0.337767 -0.375805 1.380789 -0.369344 -1.054056 1.389490
0.277260 1.141430 -1.784613 -0.791669 0.832311 -2.108350 0.338708 -0.383638 1.390147 -0.369504 -1.050293 1.397601
0.281091 1.173377 -1.796174 -0.773845 0.784761 -2.067063 0.340972 -0.402378 1.412373 -0.369656 -1.042151 1.413070
0.285296 1.201743 -1.806553 -0.758153 0.744705 -2.029664 0.343827 -0.424611 1.439919 -0.369725 -1.032438 1.429054
0.288520 1.220551 -1.813335 -0.747778 0.719375 -2.004607 0.346163 -0.442055 1.461865 -0.369766 -1.024463 1.440599
0.293711 1.246919 -1.822532 -0.733161 0.685646 -1.969263 0.350052 -0.470308 1.496982 -0.369851 -1.010801 1.457730
0.298312 1.264304 -1.828302 -0.722712 0.664598 -1.945922 0.353076 -0.491615 1.522596 -0.369796 -0.999686 1.469456
0.307315 1.289338 -1.835965 -0.705722 0.635951 -1.912214 0.358067 -0.526250 1.562086 -0.369484 -0.980324 1.486521
0.314918 1.306104 -1.840488 -0.692977 0.617853 -1.889480 0.361741 -0.552013 1.589525 -0.369152 -0.965098 1.497719
0.327615 1.329318 -1.845633 -0.673404 0.594062 -1.857492 0.367212 -0.591088 1.628267 -0.368544 -0.940845 1.512328
0.337132 1.344059 -1.848030 -0.659736 0.579495 -1.836576 0.371055 -0.618123 1.653886 -0.368052 -0.923312 1.520702
0.352264 1.364368 -1.849822 -0.639145 0.559973 -1.806640 0.376933 -0.658319 1.690694 -0.367179 -0.896140 1.530327
0.362991 1.377021 -1.849807 -0.625159 0.548050 -1.787101 0.381005 -0.685166 1.714630 -0.366470 -0.877244 1.534728
0.382094 1.396759 -1.848001 -0.601226 0.529600 -1.754652 0.388167 -0.730074 1.753876 -0.365080 -0.844231 1.539056
0.400314 1.412897 -1.844724 -0.579309 0.514406 -1.725569 0.394987 -0.769836 1.788147 -0.363648 -0.813376 1.540067
0.413523 1.423242 -1.841620 -0.563845 0.504481 -1.705139 0.399977 -0.796999 1.811449 -0.362565 -0.791316 1.539317
0.431984 1.436055 -1.836453 -0.542604 0.491957 -1.676591 0.407107 -0.833564 1.842221 -0.361008 -0.760819 1.536564
0.444453 1.443733 -1.832495 -0.528494 0.484179 -1.657315 0.412027 -0.857581 1.861986 -0.359941 -0.740375 1.533738
0.462695 1.453664 -1.826105 -0.508197 0.473434 -1.629194 0.419374 -0.891981 1.889635 -0.358379 -0.710570 1.528369
0.474615 1.459358 -1.821568 -0.495150 0.466606 -1.610876 0.424276 -0.914128 1.906991 -0.357372 -0.691280 1.524126
0.493136 1.466972 -1.813948 -0.475203 0.455791 -1.582424 0.432071 -0.948308 1.932997 -0.355800 -0.661578 1.516418
0.508120 1.471994 -1.807209 -0.459335 0.446176 -1.559164 0.438577 -0.976120 1.953328 -0.354481 -0.637453 1.509120
0.516983 1.474653 -1.802893 -0.450107 0.439964 -1.544851 0.442555 -0.992954 1.965174 -0.353654 -0.622850 1.504248
0.528432 1.477831 -1.796925 -0.438590 0.431736 -1.525970 0.447776 -1.015104 1.980040 -0.352519 -0.603592 1.497279
0.534647 1.479364 -1.793527 -0.432675 0.427385 -1.515887 0.450561 -1.027141 1.987623 -0.351874 -0.593073 1.493198
0.542914 1.481030 -1.788949 -0.425466 0.422099 -1.503275 0.454086 -1.042741 1.996832 -0.351000 -0.579364 1.487556
0.547310 1.481605 -1.786601 -0.422143 0.419761 -1.497311 0.455877 -1.050550 2.001375 -0.350548 -0.572529 1.484589
0.552557 1.481695 -1.784188 -0.419058 0.417882 -1.491581 0.457804 -1.058595 2.006207 -0.350077 -0.565598 1.481450
0.550950 1.484910 -1.790240 -0.420462 0.419564 -1.492649 0.457285 -1.062975 2.003882 -0.350232 -0.562252 1.481787
0.560469 1.501345 -1.809730 -0.419895 0.426437 -1.500248 0.457192 -1.074349 2.002018 -0.351025 -0.556586 1.484940
0.567869 1.513943 -1.824810 -0.419148 0.432195 -1.506119 0.456935 -1.083296 1.999750 -0.351567 -0.552674 1.487058
0.579784 1.532931 -1.853521 -0.417598 0.441816 -1.515237 0.456011 -1.097448 1.994103 -0.352317 -0.547175 1.489945
0.588689 1.545766 -1.877999 -0.416315 0.448871 -1.521504 0.454935 -1.107360 1.988398 -0.352781 -0.543706 1.491705
0.605192 1.566772 -1.922025 -0.413945 0.460959 -1.531594 0.452384 -1.123676 1.975541 -0.353455 -0.538517 1.494238
0.619190 1.582410 -1.955032 -0.412032 0.470250 -1.538881 0.449920 -1.135793 1.963073 -0.353897 -0.535009 1.495878
0.642003 1.604729 -2.002021 -0.409062 0.484240 -1.549203 0.445613 -1.152909 1.940638 -0.354466 -0.530299 1.497971
0.660002 1.620247 -2.036984 -0.406773 0.494819 -1.556543 0.442113 -1.164270 1.921823 -0.354835 -0.527094 1.499319
0.692040 1.644733 -2.095440 -0.402779 0.513070 -1.568365 0.436112 -1.181106 1.887230 -0.355375 -0.522118 1.501275
0.725329 1.666967 -2.151582 -0.398687 0.531680 -1.579429 0.430432 -1.195168 1.850619 -0.355823 -0.517603 1.502887
0.747904 1.680452 -2.187258 -0.395919 0.544319 -1.586443 0.426931 -1.203135 1.825541 -0.356079 -0.514788 1.503804
0.786736 1.700573 -2.244560 -0.391081 0.566631 -1.597966 0.421485 -1.214317 1.781649 -0.356453 -0.510219 1.505133
0.821672 1.714671 -2.292408 -0.386512 0.588068 -1.608115 0.417038 -1.221754 1.740626 -0.356731 -0.506219 1.506116
0.843675 1.721056 -2.321397 -0.383462 0.602629 -1.614545 0.414355 -1.224991 1.713701 -0.356881 -0.503683 1.506642
0.874148 1.725223 -2.360698 -0.378869 0.625036 -1.623766 0.410552 -1.227090 1.674102 -0.357057 -0.500023 1.507255
0.893268 1.723606 -2.385236 -0.375622 0.641274 -1.629971 0.407931 -1.226474 1.646993 -0.357148 -0.497532 1.507563
0.916812 1.715224 -2.415615 -0.370936 0.665394 -1.638497 0.404681 -1.223633 1.609851 -0.357231 -0.494046 1.507831
0.929599 1.705355 -2.432327 -0.367810 0.682016 -1.643916 0.402849 -1.220723 1.586649 -0.357255 -0.491776 1.507895
0.944964 1.680647 -2.453016 -0.362691 0.710486 -1.652384 0.400259 -1.214384 1.551806 -0.357241 -0.488109 1.507793
0.953126 1.650978 -2.465428 -0.358712 0.736545 -1.659285 0.398272 -1.207465 1.525634 -0.357172 -0.484967 1.507485
0.956045 1.627204 -2.471135 -0.356423 0.754562 -1.663613 0.397008 -1.202219 1.510868 -0.357096 -0.482895 1.507158
0.956566 1.582828 -2.475895 -0.353402 0.784342 -1.670014 0.394981 -1.192946 1.492615 -0.356922 -0.479623 1.506423
0.952283 1.532135 -2.475290 -0.351240 0.814691 -1.675617 0.392943 -1.182977 1.479874 -0.356689 -0.476454 1.505432
0.944635 1.481520 -2.470292 -0.350021 0.842672 -1.679987 0.391130 -1.173634 1.471633 -0.356425 -0.473654 1.504302
0.937327 1.443910 -2.464360 -0.349593 0.862491 -1.682626 0.389923 -1.167111 1.467281 -0.356211 -0.471730 1.503374
