# Joint angles matrix: 144 frames, 12 joints per frame + timestamp
# Order: fr[gamma,alpha,beta] fl[gamma,alpha,beta] hr[gamma,alpha,beta] hl[gamma,alpha,beta] timestamp
0.303721 1.379208 -1.667065 -0.229257 0.376438 -1.375307 0.216125 -0.990100 1.880662 -0.167657 -0.516767 1.364597 1740769447.392320
0.304009 1.386294 -1.678525 -0.229992 0.379752 -1.377705 0.216137 -0.998380 1.878839 -0.167709 -0.510836 1.365388 1740769447.394336
0.311957 1.406469 -1.704601 -0.228295 0.389699 -1.388397 0.216129 -1.012874 1.875650 -0.168111 -0.504009 1.369503 1740769447.395044
0.316963 1.418738 -1.723795 -0.226877 0.396560 -1.395162 0.215953 -1.022244 1.872135 -0.168325 -0.500196 1.371716 1740769447.395667
0.321643 1.429596 -1.745376 -0.225398 0.403206 -1.401372 0.215631 -1.030982 1.867564 -0.168500 -0.496946 1.373553 1740769447.396231
0.328023 1.442784 -1.775843 -0.223383 0.411844 -1.409032 0.215003 -1.041958 1.859867 -0.168693 -0.493197 1.375605 1740769447.396766
0.336026 1.456750 -1.810275 -0.221063 0.421471 -1.417109 0.214064 -1.053810 1.848953 -0.168870 -0.489487 1.377557 1740769447.397303
0.345499 1.470494 -1.844004 -0.218633 0.431358 -1.424971 0.212903 -1.065686 1.835221 -0.169021 -0.486067 1.379283 1740769447.397836
0.356753 1.484206 -1.878854 -0.215985 0.442022 -1.433013 0.211473 -1.077626 1.818038 -0.169156 -0.482721 1.380896 1740769447.398320
0.366746 1.494795 -1.908042 -0.213726 0.451086 -1.439522 0.210177 -1.086760 1.802145 -0.169251 -0.480102 1.382101 1740769447.398796
0.383392 1.510058 -1.953670 -0.210091 0.465678 -1.449426 0.208101 -1.099754 1.774910 -0.169372 -0.476236 1.383779 1740769447.456517
0.398061 1.521592 -1.991214 -0.206972 0.478256 -1.457430 0.206427 -1.109444 1.750417 -0.169451 -0.473187 1.385011 1740769447.457184
0.413178 1.531899 -2.027572 -0.203806 0.491130 -1.465160 0.204882 -1.118044 1.724834 -0.169510 -0.470287 1.386100 1740769447.459660
0.430758 1.541994 -2.067107 -0.200145 0.506202 -1.473678 0.203318 -1.126529 1.694653 -0.169556 -0.467128 1.387186 1740769447.460196
0.445673 1.548918 -2.098437 -0.197016 0.519254 -1.480634 0.202173 -1.132556 1.668601 -0.169577 -0.464565 1.387984 1740769447.460770
0.463015 1.554843 -2.132468 -0.193298 0.535005 -1.488552 0.201019 -1.138231 1.637570 -0.169583 -0.461655 1.388791 1740769447.461293
0.477842 1.557858 -2.160062 -0.190002 0.549206 -1.495278 0.200148 -1.141858 1.610194 -0.169572 -0.459179 1.389390 1740769447.463448
0.494201 1.558442 -2.189234 -0.186170 0.566038 -1.502778 0.199245 -1.144312 1.578721 -0.169539 -0.456402 1.389955 1740769447.476829
0.507607 1.556057 -2.212295 -0.182797 0.581160 -1.509106 0.198475 -1.144779 1.551522 -0.169495 -0.454036 1.390342 1740769447.485094
0.521850 1.549710 -2.236127 -0.178847 0.599286 -1.516206 0.197620 -1.143408 1.520546 -0.169424 -0.451340 1.390667 1740769447.496966
0.534182 1.540263 -2.256158 -0.174946 0.617676 -1.522902 0.197072 -1.140775 1.491394 -0.169334 -0.448745 1.390856 1740769447.510428
0.544434 1.527927 -2.272040 -0.171167 0.636011 -1.529089 0.196762 -1.137202 1.464862 -0.169228 -0.446283 1.390912 1740769447.520804
0.552074 1.514200 -2.282997 -0.167826 0.652706 -1.534320 0.196604 -1.133301 1.443073 -0.169119 -0.444138 1.390855 1740769447.530258
0.559105 1.495742 -2.292409 -0.164286 0.672046 -1.539916 0.196488 -1.128180 1.420839 -0.168978 -0.441758 1.390669 1740769447.545237
0.565059 1.471663 -2.299972 -0.160813 0.694292 -1.545773 0.196339 -1.121683 1.399450 -0.168800 -0.439139 1.390303 1740769447.555473
0.568578 1.448121 -2.304011 -0.158240 0.713912 -1.550451 0.196116 -1.115559 1.384489 -0.168629 -0.436923 1.389852 1740769447.567484
0.570574 1.423175 -2.305773 -0.156134 0.733114 -1.554604 0.195773 -1.109316 1.373353 -0.168450 -0.434824 1.389295 1740769447.578353
0.571235 1.395342 -2.305463 -0.154351 0.753134 -1.558498 0.195331 -1.102616 1.364291 -0.168251 -0.432701 1.388597 1740769447.590438
0.570502 1.365145 -2.303020 -0.152942 0.773604 -1.562032 0.194823 -1.095681 1.357121 -0.168036 -0.430591 1.387758 1740769447.603287
0.568191 1.330743 -2.298096 -0.151875 0.795728 -1.565349 0.194256 -1.088244 1.351231 -0.167792 -0.428365 1.386706 1740769447.617388
0.565213 1.301773 -2.292464 -0.151350 0.813593 -1.567646 0.193819 -1.082403 1.347526 -0.167586 -0.426604 1.385747 1740769447.629923
0.560830 1.268945 -2.284654 -0.151117 0.833174 -1.569769 0.193397 -1.076302 1.344197 -0.167351 -0.424704 1.384576 1740769447.633743
0.555220 1.234835 -2.275084 -0.151244 0.852925 -1.571489 0.193070 -1.070612 1.341262 -0.167105 -0.422812 1.383266 1740769447.649784
0.548437 1.200095 -2.263922 -0.151735 0.872549 -1.572769 0.192867 -1.065535 1.338491 -0.166853 -0.420949 1.381827 1740769447.661930
0.539864 1.162470 -2.250297 -0.152662 0.893361 -1.573638 0.192609 -1.060282 1.336511 -0.166577 -0.418985 1.380141 1740769447.672378
0.532070 1.132463 -2.238304 -0.153696 0.909704 -1.573953 0.192340 -1.056086 1.335794 -0.166354 -0.417444 1.378694 1740769447.683115
0.521587 1.096729 -2.222713 -0.155274 0.928943 -1.573889 0.191942 -1.050974 1.335851 -0.166086 -0.415625 1.376839 1740769447.696830
0.510323 1.062339 -2.206178 -0.157150 0.947234 -1.573208 0.191484 -1.045857 1.336772 -0.165825 -0.413886 1.374910 1740769447.705750
0.499527 1.031323 -2.189711 -0.159121 0.963446 -1.571815 0.191014 -1.041047 1.338256 -0.165592 -0.412339 1.373064 1740769447.718692
0.486919 0.996822 -2.169712 -0.161638 0.981130 -1.569460 0.190431 -1.035392 1.340559 -0.165336 -0.410633 1.370883 1740769447.730435
0.474200 0.963429 -2.148714 -0.164412 0.997868 -1.566447 0.189811 -1.029521 1.343367 -0.165090 -0.408991 1.368626 1740769447.741987
0.462812 0.934707 -2.129304 -0.167065 1.012155 -1.563321 0.189234 -1.024056 1.346199 -0.164828 -0.407704 1.366221 1740769447.757858
0.448833 0.900871 -2.104771 -0.170511 1.028974 -1.559043 0.188502 -1.016993 1.349983 -0.164460 -0.406615 1.363056 1740769447.764383
0.433626 0.865486 -2.077174 -0.174510 1.046448 -1.553950 0.187678 -1.008722 1.354385 -0.164085 -0.406289 1.360278 1740769447.776990
0.420530 0.836013 -2.052675 -0.178150 1.060832 -1.549281 0.186946 -1.000998 1.358329 -0.163849 -0.406943 1.359217 1740769447.787365
0.408304 0.809508 -2.029490 -0.181608 1.073668 -1.544804 0.186252 -0.993283 1.362029 -0.163753 -0.408498 1.359949 1740769447.798274
0.396167 0.784010 -2.006168 -0.185112 1.085936 -1.540295 0.185550 -0.985062 1.365666 -0.163816 -0.411098 1.362835 1740769447.807570
0.382088 0.755227 -1.978667 -0.189306 1.099687 -1.535030 0.184715 -0.974687 1.369781 -0.164148 -0.415675 1.369618 1740769447.827048
0.368589 0.728189 -1.951735 -0.193510 1.112497 -1.529985 0.183883 -0.963706 1.373553 -0.164776 -0.421969 1.380150 1740769447.832287
0.356977 0.705176 -1.928016 -0.197316 1.123302 -1.525681 0.183131 -0.953272 1.376603 -0.165550 -0.429199 1.392147 1740769447.842103
0.345156 0.681772 -1.903192 -0.201427 1.134175 -1.521358 0.182318 -0.941487 1.379459 -0.166571 -0.438685 1.407186 1740769447.852105
0.334688 0.660870 -1.880475 -0.205323 1.143763 -1.517602 0.181542 -0.929831 1.381710 -0.167690 -0.449305 1.423011 1740769447.862592
0.324157 0.639531 -1.856719 -0.209506 1.153445 -1.513933 0.180683 -0.916745 1.383619 -0.169032 -0.462190 1.441462 1740769447.875122
0.310797 0.611868 -1.824835 -0.215159 1.165923 -1.509530 0.179453 -0.898004 1.385324 -0.171062 -0.481209 1.468771 1740769447.886558
0.300570 0.589848 -1.798523 -0.219844 1.175778 -1.506424 0.178389 -0.881610 1.385871 -0.172922 -0.498354 1.493108 1740769447.897816
0.291990 0.570420 -1.774604 -0.224110 1.184390 -1.504081 0.177397 -0.866044 1.385599 -0.174747 -0.515055 1.516320 1740769447.908722
0.282886 0.549156 -1.747946 -0.228860 1.193599 -1.502077 0.176272 -0.848023 1.384467 -0.176916 -0.534887 1.543053 1740769447.919933
0.275368 0.531364 -1.725236 -0.232894 1.201121 -1.500937 0.175306 -0.832168 1.382878 -0.178859 -0.552765 1.566245 1740769447.929710
0.267390 0.512390 -1.700457 -0.237270 1.208990 -1.500362 0.174252 -0.814405 1.380538 -0.181060 -0.573255 1.591654 1740769447.965199
0.259873 0.494578 -1.676487 -0.241471 1.216275 -1.500531 0.173238 -0.796814 1.377716 -0.183250 -0.594015 1.616078 1740769447.970148
0.252776 0.477981 -1.653319 -0.245513 1.223079 -1.501315 0.172269 -0.779485 1.374512 -0.185459 -0.614977 1.639771 1740769447.972902
0.245886 0.462241 -1.630345 -0.249513 1.229649 -1.502683 0.171324 -0.762031 1.370909 -0.187745 -0.636631 1.663288 1740769447.976015
0.237345 0.443530 -1.601228 -0.254586 1.237801 -1.505277 0.170156 -0.739597 1.365797 -0.190766 -0.665294 1.692876 1740769447.988122
0.231185 0.430891 -1.579729 -0.258326 1.243721 -1.507815 0.169324 -0.722966 1.361700 -0.193059 -0.687180 1.714241 1740769448.000905
0.225038 0.419240 -1.557870 -0.262144 1.249719 -1.510954 0.168507 -0.706045 1.357295 -0.195430 -0.710037 1.735363 1740769448.007472
0.218888 0.408556 -1.535822 -0.266109 1.255935 -1.514800 0.167701 -0.688672 1.352552 -0.197889 -0.734164 1.756264 1740769448.022316
0.212691 0.398787 -1.513689 -0.270339 1.262586 -1.519542 0.166897 -0.670557 1.347400 -0.200457 -0.760088 1.777008 1740769448.033176
0.207594 0.391347 -1.495756 -0.274122 1.268380 -1.524275 0.166239 -0.655031 1.342838 -0.202633 -0.782990 1.793726 1740769448.041263
0.202968 0.384937 -1.479924 -0.277911 1.273973 -1.529417 0.165643 -0.640312 1.338410 -0.204647 -0.805349 1.808442 1740769448.054445
0.198847 0.379443 -1.466420 -0.281676 1.279409 -1.534891 0.165116 -0.626570 1.334203 -0.206450 -0.826865 1.820929 1740769448.063961
0.194329 0.373600 -1.452733 -0.286388 1.286197 -1.542050 0.164544 -0.610687 1.329288 -0.208380 -0.852602 1.833395 1740769448.076640
0.191475 0.370621 -1.445566 -0.289531 1.291022 -1.546253 0.164199 -0.600773 1.326265 -0.209441 -0.868935 1.839685 1740769448.086663
0.186488 0.367185 -1.435996 -0.295124 1.300067 -1.554356 0.163638 -0.584196 1.321437 -0.210855 -0.896318 1.846811 1740769448.101841
0.182495 0.365948 -1.430617 -0.299652 1.307568 -1.564144 0.163226 -0.571569 1.318071 -0.211532 -0.916996 1.848671 1740769448.113036
0.178777 0.365948 -1.427129 -0.304017 1.314822 -1.577584 0.162869 -0.560290 1.315263 -0.211736 -0.935342 1.846927 1740769448.122029
0.174694 0.367200 -1.424734 -0.309634 1.323984 -1.596246 0.162488 -0.548394 1.312120 -0.211401 -0.955014 1.840631 1740769448.133575
0.170840 0.369584 -1.423656 -0.316166 1.334376 -1.617802 0.162137 -0.537596 1.309081 -0.210608 -0.972972 1.830628 1740769448.145370
0.166927 0.373221 -1.423566 -0.324474 1.347276 -1.643993 0.161788 -0.527022 1.305933 -0.209404 -0.990416 1.816604 1740769448.160082
0.163135 0.377974 -1.424254 -0.334068 1.361657 -1.675088 0.161458 -0.517146 1.302839 -0.207935 -1.006339 1.799516 1740769448.166055
0.159448 0.383756 -1.425549 -0.344815 1.377052 -1.710275 0.161144 -0.507870 1.299803 -0.206297 -1.020738 1.779795 1740769448.180106
0.155507 0.391166 -1.427588 -0.358108 1.395102 -1.750878 0.160816 -0.498260 1.296530 -0.204388 -1.034816 1.755491 1740769448.192955
0.151454 0.400091 -1.430367 -0.373825 1.415077 -1.793267 0.160486 -0.488651 1.293140 -0.202328 -1.047721 1.727173 1740769448.204219
0.147469 0.410136 -1.433756 -0.390963 1.435477 -1.836765 0.160170 -0.479426 1.289790 -0.200268 -1.058673 1.696206 1740769448.210154
0.143798 0.420493 -1.437441 -0.408080 1.454481 -1.878473 0.159887 -0.471083 1.286695 -0.198382 -1.067062 1.665069 1740769448.225903
0.139966 0.432416 -1.441851 -0.427165 1.474011 -1.922969 0.159600 -0.462501 1.283464 -0.196455 -1.073880 1.630060 1740769448.236308
0.136161 0.445368 -1.446783 -0.447167 1.492480 -1.967325 0.159326 -0.454068 1.280265 -0.194575 -1.078419 1.592448 1740769448.248156
0.132848 0.457532 -1.451512 -0.465229 1.507218 -2.005351 0.159096 -0.446774 1.277495 -0.192981 -1.080389 1.557510 1740769448.263878
0.129153 0.472041 -1.457234 -0.485784 1.521418 -2.046239 0.158852 -0.438664 1.274433 -0.191289 -1.080361 1.517825 1740769448.268746
0.125557 0.487081 -1.463225 -0.505831 1.532086 -2.083571 0.158629 -0.430775 1.271497 -0.189677 -1.077936 1.480187 1740769448.281496
0.122171 0.502038 -1.469222 -0.524613 1.538932 -2.116192 0.158423 -0.423334 1.268772 -0.188240 -1.073736 1.445834 1740769448.294183
0.119401 0.514810 -1.474364 -0.539780 1.542300 -2.141032 0.158255 -0.417240 1.266579 -0.187193 -1.069291 1.418374 1740769448.301075
0.115287 0.534576 -1.482322 -0.561438 1.543449 -2.174458 0.158009 -0.408172 1.263401 -0.185832 -1.061390 1.379553 1740769448.315388
0.111567 0.553141 -1.489754 -0.579521 1.540367 -2.200693 0.157793 -0.399965 1.260632 -0.184764 -1.053291 1.347405 1740769448.325648
0.108024 0.571287 -1.496940 -0.594843 1.533685 -2.221790 0.157599 -0.392345 1.258107 -0.183844 -1.045080 1.320234 1740769448.340676
0.104179 0.591335 -1.504743 -0.608805 1.522233 -2.240082 0.157400 -0.384410 1.255513 -0.182902 -1.035952 1.295307 1740769448.346102
0.101261 0.606685 -1.510589 -0.617222 1.510635 -2.250607 0.157258 -0.378650 1.253655 -0.182196 -1.029069 1.279967 1740769448.361156
0.097137 0.628838 -1.518801 -0.625845 1.489798 -2.260870 0.157066 -0.370806 1.251173 -0.181180 -1.019539 1.263462 1740769448.373274
0.093621 0.649729 -1.526362 -0.631036 1.466560 -2.266728 0.156899 -0.363954 1.249057 -0.180330 -1.011369 1.252357 1740769448.384109
0.090617 0.669593 -1.533416 -0.633752 1.441713 -2.269352 0.156753 -0.357914 1.247246 -0.179701 -1.004645 1.244802 1740769448.394586
0.088315 0.686396 -1.539291 -0.634580 1.418888 -2.269544 0.156637 -0.353154 1.245861 -0.179354 -0.999955 1.240174 1740769448.405495
0.085261 0.710469 -1.547571 -0.633891 1.383785 -2.266893 0.156484 -0.346878 1.244114 -0.179127 -0.994817 1.235613 1740769448.417768
0.082882 0.729961 -1.554167 -0.632080 1.353680 -2.262465 0.156372 -0.342257 1.242897 -0.179096 -0.991688 1.233152 1740769448.428439
0.080285 0.752121 -1.561572 -0.628875 1.317983 -2.255192 0.156256 -0.337488 1.241731 -0.179217 -0.989069 1.231106 1740769448.442008
0.077822 0.774175 -1.568863 -0.624653 1.281236 -2.245801 0.156153 -0.333241 1.240793 -0.179502 -0.987303 1.229376 1740769448.451677
0.075450 0.796606 -1.576218 -0.619464 1.242940 -2.234239 0.156061 -0.329424 1.240070 -0.179911 -0.986179 1.228158 1740769448.497220
0.067587 0.885030 -1.604997 -0.592544 1.088429 -2.171863 0.155843 -0.319307 1.239543 -0.182077 -0.985390 1.230339 1740769448.509072
0.066103 0.906247 -1.611940 -0.584953 1.051651 -2.153476 0.155828 -0.318081 1.239999 -0.182624 -0.985448 1.232632 1740769448.520039
0.064725 0.928747 -1.619355 -0.576552 1.013193 -2.132725 0.155831 -0.317315 1.240751 -0.183178 -0.985368 1.235886 1740769448.530751
0.063505 0.952471 -1.627255 -0.567569 0.973198 -2.109364 0.155863 -0.317034 1.241802 -0.183715 -0.984985 1.240294 1740769448.542420
0.062651 0.973295 -1.634281 -0.559781 0.938428 -2.087530 0.155936 -0.317438 1.243258 -0.184131 -0.984277 1.245053 1740769448.552510
0.062010 0.994329 -1.641482 -0.551982 0.903708 -2.064311 0.156067 -0.318909 1.245784 -0.184489 -0.983088 1.250771 1740769448.563951
0.061622 1.014638 -1.648560 -0.544496 0.870650 -2.040873 0.156267 -0.321775 1.249764 -0.184765 -0.981376 1.257238 1740769448.574670
0.061479 1.035577 -1.656005 -0.536799 0.837121 -2.015748 0.156571 -0.326712 1.256067 -0.184972 -0.978901 1.264965 1740769448.586833
0.061642 1.057664 -1.664055 -0.528672 0.802450 -1.988281 0.157035 -0.334737 1.265927 -0.185103 -0.975351 1.274408 1740769448.599396
0.062123 1.078518 -1.671872 -0.520957 0.770455 -1.961530 0.157653 -0.345681 1.279148 -0.185147 -0.970946 1.284683 1740769448.608775
0.062853 1.097206 -1.679063 -0.513982 0.742472 -1.936957 0.158393 -0.358770 1.294998 -0.185127 -0.965974 1.295123 1740769448.622121
0.063849 1.115388 -1.686089 -0.507118 0.715966 -1.912592 0.159235 -0.373964 1.314046 -0.185071 -0.960063 1.306321 1740769448.641107
0.065141 1.133458 -1.693014 -0.500198 0.690410 -1.888001 0.160202 -0.391409 1.336249 -0.185002 -0.952981 1.318320 1740769448.645103
0.066696 1.150829 -1.699534 -0.493423 0.666657 -1.864063 0.161273 -0.410446 1.360397 -0.184944 -0.944856 1.330521 1740769448.652424
0.068663 1.167663 -1.705648 -0.486575 0.644477 -1.840653 0.162470 -0.431095 1.386128 -0.184890 -0.935499 1.342816 1740769448.666831
0.072598 1.187199 -1.712383 -0.477184 0.619811 -1.813296 0.164166 -0.458070 1.418516 -0.184658 -0.922219 1.357482 1740769448.673546
0.077232 1.202999 -1.717414 -0.468284 0.600718 -1.790973 0.165771 -0.482256 1.446170 -0.184343 -0.909477 1.369397 1740769448.685489
0.082995 1.218339 -1.721801 -0.458479 0.582916 -1.769059 0.167497 -0.507702 1.473686 -0.183946 -0.895343 1.380732 1740769448.700726
0.090141 1.233857 -1.725592 -0.447359 0.565578 -1.746520 0.169389 -0.535381 1.501845 -0.183463 -0.879196 1.391673 1740769448.705203
0.097761 1.247687 -1.728283 -0.436405 0.550508 -1.725881 0.171246 -0.561852 1.527741 -0.182960 -0.863059 1.400724 1740769448.715851
0.106295 1.260988 -1.730092 -0.424883 0.536289 -1.705390 0.173202 -0.588958 1.553459 -0.182403 -0.845851 1.408465 1740769448.727455
0.116434 1.274692 -1.730928 -0.411921 0.521855 -1.683432 0.175415 -0.618618 1.580870 -0.181735 -0.826222 1.415011 1740769448.736911
0.126292 1.286398 -1.730662 -0.399886 0.509626 -1.663795 0.177491 -0.645402 1.605117 -0.181067 -0.807756 1.419136 1740769448.746679
0.138021 1.298703 -1.729426 -0.386148 0.496766 -1.641993 0.179896 -0.675109 1.631592 -0.180254 -0.786426 1.422068 1740769448.757145
0.148744 1.308708 -1.727632 -0.374038 0.486217 -1.623131 0.182060 -0.700519 1.654006 -0.179493 -0.767420 1.423300 1740769448.767388
0.160486 1.318537 -1.725095 -0.361187 0.475677 -1.603311 0.184413 -0.726663 1.676955 -0.178643 -0.747049 1.423387 1740769448.777380
0.173843 1.328502 -1.721627 -0.347001 0.464731 -1.581337 0.187117 -0.754653 1.701378 -0.177659 -0.724343 1.422183 1740769448.789045
0.187267 1.337394 -1.717626 -0.333127 0.454683 -1.559379 0.189908 -0.781551 1.724413 -0.176658 -0.701922 1.419817 1740769448.801977
0.200812 1.345360 -1.713153 -0.319473 0.445271 -1.537388 0.192788 -0.807684 1.746352 -0.175641 -0.679610 1.416441 1740769448.828885
0.215409 1.352922 -1.707906 -0.305110 0.435684 -1.513906 0.195953 -0.834931 1.768731 -0.174551 -0.655815 1.411834 1740769448.829817
0.228295 1.358776 -1.702934 -0.292702 0.427468 -1.493360 0.198799 -0.858363 1.787536 -0.173608 -0.635153 1.407015 1740769448.833513
0.239666 1.363325 -1.698291 -0.281948 0.420210 -1.475343 0.201349 -0.878677 1.803474 -0.172783 -0.617182 1.402204 1740769448.845972
0.251487 1.367438 -1.693198 -0.270950 0.412395 -1.456656 0.204045 -0.899564 1.819455 -0.171914 -0.598640 1.396650 1740769448.857420
0.262055 1.370595 -1.688372 -0.261276 0.404877 -1.439787 0.206505 -0.918219 1.833317 -0.171113 -0.582010 1.391159 1740769448.868298
0.270847 1.373038 -1.684088 -0.253435 0.398253 -1.425239 0.208610 -0.933972 1.844646 -0.170413 -0.567896 1.386117 1740769448.879070
0.279064 1.375169 -1.679862 -0.246385 0.391970 -1.411457 0.210604 -0.948818 1.854907 -0.169727 -0.554511 1.381002 1740769448.891292
0.286666 1.376941 -1.675799 -0.240229 0.386311 -1.398936 0.212423 -0.962461 1.863827 -0.169069 -0.542100 1.375955 1740769448.902845
0.293143 1.378207 -1.672295 -0.235420 0.381856 -1.388853 0.213905 -0.973748 1.870735 -0.168503 -0.531729 1.371494 1740769448.930650
0.298305 1.378939 -1.669580 -0.232045 0.378785 -1.381580 0.215041 -0.982266 1.875861 -0.168064 -0.523898 1.367961 1740769448.931652
