0.392352 0.776139 -1.998769 -0.186232 1.089708 -1.538871 0.185327 -0.982348 1.366795 -0.163876 -0.412160 1.364274 1740769431.166038
0.379978 0.750971 -1.974496 -0.189950 1.101711 -1.534240 0.184587 -0.973042 1.370383 -0.164227 -0.416526 1.371009 1740769431.166821
0.367243 0.725515 -1.949016 -0.193941 1.113758 -1.529485 0.183798 -0.962548 1.373917 -0.164855 -0.422714 1.381401 1740769431.167425
0.354867 0.701002 -1.923640 -0.198031 1.125250 -1.524904 0.182990 -0.951262 1.377134 -0.165714 -0.430721 1.394619 1740769431.176152
0.342067 0.675631 -1.896569 -0.202549 1.137005 -1.520242 0.182096 -0.938179 1.380154 -0.166879 -0.441580 1.411604 1740769431.187482
0.331096 0.653622 -1.872484 -0.206725 1.147057 -1.516335 0.181259 -0.925519 1.382407 -0.168125 -0.453507 1.429018 1740769431.197999
0.319650 0.630297 -1.846217 -0.211364 1.157620 -1.512411 0.180286 -0.910716 1.384297 -0.169672 -0.468240 1.450159 1740769431.209999
0.309085 0.608247 -1.820567 -0.215918 1.167549 -1.508991 0.179283 -0.895400 1.385470 -0.171353 -0.483902 1.472619 1740769431.222941
0.299937 0.588450 -1.796824 -0.220147 1.176400 -1.506242 0.178320 -0.880525 1.385877 -0.173048 -0.499506 1.494726 1740769431.231842
0.291545 0.569389 -1.773322 -0.224339 1.184842 -1.503968 0.177343 -0.865192 1.385563 -0.174849 -0.515981 1.517589 1740769431.242432
0.283855 0.551437 -1.750828 -0.228347 1.192623 -1.502260 0.176394 -0.850002 1.384628 -0.176675 -0.532683 1.540131 1740769431.252847
0.276128 0.533168 -1.727560 -0.232482 1.200365 -1.501027 0.175405 -0.833811 1.383066 -0.178657 -0.550895 1.563863 1740769431.262946
0.268174 0.514255 -1.702923 -0.236836 1.208222 -1.500385 0.174357 -0.816193 1.380798 -0.180838 -0.571171 1.589130 1740769431.274132
0.260270 0.495514 -1.677768 -0.241247 1.215893 -1.500504 0.173292 -0.797763 1.377880 -0.183131 -0.592883 1.614773 1740769431.286235
0.253563 0.479804 -1.655911 -0.245062 1.222328 -1.501198 0.172377 -0.781438 1.374892 -0.185207 -0.612588 1.637117 1740769431.294874
0.246721 0.464123 -1.633153 -0.249024 1.228854 -1.502483 0.171439 -0.764177 1.371371 -0.187461 -0.633938 1.660418 1740769431.306406
0.240272 0.449822 -1.611286 -0.252831 1.235001 -1.504270 0.170555 -0.747381 1.367628 -0.189707 -0.655239 1.682700 1740769431.316056
0.233710 0.435959 -1.588607 -0.256785 1.241289 -1.506705 0.169663 -0.729820 1.363417 -0.192109 -0.678093 1.705503 1740769431.326223
0.227753 0.424266 -1.567560 -0.260444 1.247052 -1.509488 0.168866 -0.713566 1.359281 -0.194372 -0.699803 1.726060 1740769431.336249
0.221973 0.413792 -1.546887 -0.264098 1.252781 -1.512775 0.168104 -0.697450 1.354975 -0.196645 -0.721888 1.745814 1740769431.346457
0.216582 0.404805 -1.527561 -0.267650 1.258353 -1.516452 0.167401 -0.682013 1.350682 -0.198834 -0.743599 1.764026 1740769431.357341
0.211399 0.396863 -1.509112 -0.271265 1.264028 -1.520662 0.166730 -0.666684 1.346274 -0.201003 -0.765740 1.781279 1740769431.370310
0.206438 0.389715 -1.491748 -0.275033 1.269741 -1.525477 0.166090 -0.651413 1.341758 -0.203134 -0.788425 1.797455 1740769431.378749
0.202009 0.383644 -1.476721 -0.278750 1.275192 -1.530608 0.165520 -0.637172 1.337454 -0.205068 -0.810208 1.811412 1740769431.388488
0.197985 0.378311 -1.463694 -0.282524 1.280624 -1.536170 0.165006 -0.623604 1.333288 -0.206826 -0.831598 1.823436 1740769431.399386
0.193922 0.373127 -1.451627 -0.286833 1.286862 -1.542673 0.164494 -0.609254 1.328848 -0.208541 -0.854956 1.834384 1740769431.409929
0.189929 0.369323 -1.442224 -0.291253 1.293763 -1.548524 0.164020 -0.595535 1.324702 -0.209943 -0.877592 1.842437 1740769431.423721
0.186410 0.367148 -1.435873 -0.295212 1.300212 -1.554510 0.163630 -0.583944 1.321366 -0.210872 -0.896733 1.846882 1740769431.428535
0.182895 0.366013 -1.431074 -0.299198 1.306813 -1.562954 0.163266 -0.572807 1.318385 -0.211483 -0.914983 1.848648 1740769431.442425
0.179337 0.365878 -1.427569 -0.303325 1.313678 -1.575341 0.162922 -0.561961 1.315687 -0.211737 -0.932603 1.847434 1740769431.454016
0.175831 0.366721 -1.425263 -0.307957 1.321270 -1.590635 0.162593 -0.551656 1.313003 -0.211550 -0.949597 1.842836 1740769431.463201
0.172407 0.368473 -1.423967 -0.313337 1.329907 -1.608552 0.162279 -0.541939 1.310325 -0.210982 -0.965753 1.835161 1740769431.475016
0.168354 0.371751 -1.423492 -0.321219 1.342258 -1.633904 0.161915 -0.530836 1.307088 -0.209885 -0.984157 1.822161 1740769431.487697
0.164735 0.375820 -1.423881 -0.329858 1.355424 -1.661224 0.161596 -0.521267 1.304148 -0.208586 -0.999753 1.807127 1740769431.496849
0.160822 0.381471 -1.424997 -0.340632 1.371146 -1.696725 0.161260 -0.511291 1.300936 -0.206927 -1.015506 1.787490 1740769431.508131
0.156866 0.388470 -1.426811 -0.353303 1.388703 -1.736701 0.160928 -0.501540 1.297661 -0.205060 -1.030125 1.764236 1740769431.520973
0.153103 0.396302 -1.429154 -0.367196 1.406819 -1.775959 0.160619 -0.492530 1.294521 -0.203174 -1.042674 1.739090 1740769431.529897
0.149630 0.404533 -1.431838 -0.381477 1.424354 -1.812907 0.160340 -0.484403 1.291608 -0.201386 -1.052960 1.713373 1740769431.542223
0.145793 0.414735 -1.435373 -0.398627 1.444156 -1.855652 0.160040 -0.475600 1.288377 -0.199403 -1.062716 1.682289 1740769431.552078
0.142457 0.424536 -1.438920 -0.414625 1.461380 -1.893972 0.159785 -0.468067 1.285564 -0.197702 -1.069684 1.653100 1740769431.561996
0.139026 0.435515 -1.443020 -0.432021 1.478690 -1.933953 0.159531 -0.460409 1.282671 -0.195990 -1.075226 1.621089 1740769431.572520
0.135874 0.446391 -1.447179 -0.448713 1.493817 -1.970655 0.159305 -0.453434 1.280024 -0.194434 -1.078664 1.589478 1740769431.582718
0.132075 0.460485 -1.452670 -0.469503 1.510411 -2.014064 0.159044 -0.445076 1.276852 -0.192620 -1.080580 1.549216 1740769431.593993
0.128249 0.475742 -1.458704 -0.490840 1.524433 -2.055897 0.158795 -0.436680 1.273690 -0.190884 -1.079981 1.508197 1740769431.605985
0.124467 0.491814 -1.465119 -0.511885 1.534612 -2.094327 0.158563 -0.428380 1.270614 -0.189195 -1.076748 1.469070 1740769431.618078
0.120575 0.509340 -1.472161 -0.533389 1.541122 -2.130718 0.158327 -0.419825 1.267504 -0.187623 -1.071274 1.429915 1740769431.630100
0.117143 0.525551 -1.478692 -0.551840 1.543512 -2.159925 0.158119 -0.412265 1.264821 -0.186420 -1.065120 1.396708 1740769431.641415
0.113363 0.544104 -1.486143 -0.571009 1.542353 -2.188525 0.157896 -0.403924 1.261955 -0.185263 -1.057289 1.362515 1740769431.653065
0.109670 0.562808 -1.493594 -0.587987 1.537250 -2.212478 0.157688 -0.395851 1.259265 -0.184262 -1.048937 1.332397 1740769431.666531
0.106067 0.581455 -1.500919 -0.602329 1.528404 -2.231716 0.157496 -0.388260 1.256767 -0.183361 -1.040443 1.306911 1740769431.675561
0.102497 0.600175 -1.508125 -0.613902 1.515850 -2.246510 0.157317 -0.381061 1.254429 -0.182496 -1.031970 1.286068 1740769431.687479
0.098904 0.619135 -1.515233 -0.622519 1.499460 -2.256968 0.157148 -0.374170 1.252230 -0.181618 -1.023629 1.269979 1740769431.699094
0.095476 0.638428 -1.522291 -0.628547 1.479526 -2.263975 0.156988 -0.367596 1.250174 -0.180771 -1.015668 1.257907 1740769431.709864
0.092364 0.657786 -1.529238 -0.632381 1.456784 -2.268120 0.156839 -0.361450 1.248299 -0.180050 -1.008503 1.248984 1740769431.722028
0.089325 0.678832 -1.536655 -0.634363 1.429353 -2.269677 0.156688 -0.355258 1.246468 -0.179486 -1.001941 1.242084 1740769431.733155
0.086941 0.697100 -1.542992 -0.634503 1.403592 -2.268771 0.156567 -0.350284 1.245050 -0.179227 -0.997480 1.237888 1740769431.744222
0.084570 0.716057 -1.549471 -0.633478 1.375293 -2.265822 0.156451 -0.345512 1.243747 -0.179105 -0.993833 1.234818 1740769431.753501
0.082227 0.735451 -1.556011 -0.631393 1.344970 -2.260876 0.156342 -0.341028 1.242588 -0.179110 -0.990952 1.232592 1740769431.763439
0.079701 0.757250 -1.563274 -0.627979 1.309533 -2.253193 0.156231 -0.336456 1.241493 -0.179270 -0.988589 1.230689 1740769431.775522
0.077499 0.777161 -1.569845 -0.624011 1.276185 -2.244375 0.156140 -0.332704 1.240684 -0.179551 -0.987118 1.229174 1740769431.785166
0.075425 0.796858 -1.576300 -0.619401 1.242504 -2.234098 0.156061 -0.329384 1.240064 -0.179916 -0.986170 1.228149 1740769431.795610
0.073222 0.819030 -1.583529 -0.613512 1.204027 -2.220820 0.155984 -0.326111 1.239580 -0.180400 -0.985569 1.227639 1740769431.807332
0.071063 0.842393 -1.591124 -0.606616 1.163120 -2.205020 0.155918 -0.323196 1.239323 -0.180969 -0.985321 1.227858 1740769431.819315
0.069049 0.866141 -1.598844 -0.598991 1.121450 -2.187206 0.155869 -0.320799 1.239333 -0.181582 -0.985317 1.228899 1740769431.830769
0.067498 0.886236 -1.605390 -0.592121 1.086330 -2.170851 0.155842 -0.319225 1.239562 -0.182108 -0.985394 1.230449 1740769431.842432
0.066022 0.907491 -1.612348 -0.584497 1.049507 -2.152361 0.155828 -0.318024 1.240033 -0.182656 -0.985448 1.232788 1740769431.851735
0.064650 0.930062 -1.619790 -0.576051 1.010968 -2.131475 0.155831 -0.317288 1.240803 -0.183210 -0.985357 1.236104 1740769431.864651
0.063485 0.952921 -1.627407 -0.567400 0.972444 -2.108905 0.155865 -0.317034 1.241826 -0.183725 -0.984975 1.240388 1740769431.882783
0.062628 0.973953 -1.634504 -0.559536 0.937334 -2.086820 0.155939 -0.317466 1.243319 -0.184144 -0.984248 1.245218 1740769431.887470
0.061977 0.995705 -1.641958 -0.551474 0.901455 -2.062755 0.156078 -0.319053 1.245999 -0.184510 -0.982992 1.251179 1740769431.896948
0.061608 1.015709 -1.648937 -0.544103 0.868922 -2.039612 0.156279 -0.321974 1.250027 -0.184777 -0.981268 1.257605 1740769431.908189
0.061482 1.032619 -1.654944 -0.537887 0.841821 -2.019353 0.156521 -0.325872 1.255016 -0.184948 -0.979299 1.263804 1740769431.919470
0.061612 1.055568 -1.663282 -0.529445 0.805708 -1.990929 0.156983 -0.333831 1.264824 -0.185095 -0.975735 1.273451 1740769431.930295
0.062028 1.075323 -1.670659 -0.522143 0.775306 -1.965676 0.157545 -0.343760 1.276836 -0.185145 -0.971694 1.283017 1740769431.940873
0.062708 1.094028 -1.677834 -0.515173 0.747180 -1.941173 0.158257 -0.356352 1.292026 -0.185133 -0.966894 1.293267 1740769431.950971
0.063841 1.115261 -1.686041 -0.507166 0.716148 -1.912763 0.159229 -0.373850 1.313902 -0.185071 -0.960109 1.306240 1740769431.962639
0.065329 1.135762 -1.693888 -0.499307 0.687212 -1.884841 0.160336 -0.393805 1.339301 -0.184993 -0.951983 1.319904 1740769431.976988
0.066934 1.153206 -1.700411 -0.492485 0.663474 -1.860769 0.161431 -0.413225 1.363896 -0.184938 -0.943633 1.332231 1740769431.986266
0.069333 1.171800 -1.707111 -0.484731 0.639156 -1.834877 0.162801 -0.436536 1.392782 -0.184857 -0.932912 1.345897 1740769431.998006
0.072688 1.187559 -1.712503 -0.476995 0.619367 -1.812790 0.164200 -0.458596 1.419133 -0.184653 -0.921950 1.357755 1740769432.008938
0.077486 1.203754 -1.717643 -0.467829 0.599825 -1.789900 0.165853 -0.483464 1.447515 -0.184326 -0.908821 1.369962 1740769432.014260
0.082994 1.218336 -1.721800 -0.458481 0.582918 -1.769062 0.167497 -0.507698 1.473682 -0.183946 -0.895345 1.380730 1740769432.036513
0.090775 1.235098 -1.725862 -0.446416 0.564211 -1.744690 0.169549 -0.537687 1.504138 -0.183421 -0.877817 1.392519 1740769432.041991
0.099410 1.250412 -1.728723 -0.434126 0.547575 -1.721742 0.171632 -0.567271 1.532941 -0.182852 -0.859673 1.402397 1740769432.048809
0.109135 1.265027 -1.730458 -0.421182 0.532016 -1.699018 0.173832 -0.597513 1.561436 -0.182218 -0.840275 1.410568 1740769432.061070
0.119220 1.278146 -1.730941 -0.408468 0.518242 -1.677734 0.176009 -0.626377 1.587938 -0.181548 -0.820945 1.416365 1740769432.071740
0.130315 1.290798 -1.730336 -0.395109 0.505034 -1.656153 0.178322 -0.655837 1.614459 -0.180791 -0.800368 1.420355 1740769432.083792
0.141757 1.302311 -1.728864 -0.381884 0.492977 -1.635323 0.180653 -0.684139 1.639577 -0.179991 -0.779756 1.422638 1740769432.094847
0.154092 1.313319 -1.726543 -0.368135 0.481301 -1.614011 0.183132 -0.712633 1.664646 -0.179108 -0.758089 1.423488 1740769432.107198
0.166226 1.322966 -1.723673 -0.355041 0.470842 -1.593849 0.185566 -0.738864 1.687651 -0.178223 -0.737237 1.423024 1740769432.116350
0.178600 1.331774 -1.720263 -0.342043 0.461074 -1.573540 0.188098 -0.764311 1.709701 -0.177306 -0.716356 1.421465 1740769432.126580
0.190763 1.339542 -1.716511 -0.329571 0.452194 -1.553685 0.190646 -0.788384 1.730193 -0.176395 -0.696137 1.419035 1740769432.136863
0.203325 1.346734 -1.712280 -0.316976 0.443587 -1.533329 0.193328 -0.812436 1.750292 -0.175452 -0.675498 1.415715 1740769432.147012
0.215433 1.352933 -1.707897 -0.305086 0.435669 -1.513868 0.195959 -0.834975 1.768767 -0.174549 -0.655776 1.411826 1740769432.157518
0.227687 1.358516 -1.703176 -0.293282 0.427854 -1.494326 0.198663 -0.857268 1.786667 -0.173653 -0.636120 1.407257 1740769432.167843
0.240200 1.363524 -1.698066 -0.281447 0.419865 -1.474499 0.201470 -0.879624 1.804208 -0.172744 -0.616343 1.401967 1740769432.179465
0.251572 1.367465 -1.693159 -0.270871 0.412337 -1.456521 0.204064 -0.899715 1.819568 -0.171908 -0.598507 1.396608 1740769432.191240
0.261485 1.370432 -1.688641 -0.261792 0.405297 -1.440714 0.206370 -0.917205 1.832575 -0.171158 -0.582915 1.391471 1740769432.203831
0.270568 1.372963 -1.684227 -0.253680 0.398466 -1.425706 0.208543 -0.933469 1.844291 -0.170435 -0.568347 1.386283 1740769432.213002
0.278473 1.375023 -1.680173 -0.246881 0.392420 -1.412447 0.210461 -0.947749 1.854185 -0.169777 -0.555478 1.381383 1740769432.223549
0.285620 1.376713 -1.676365 -0.241050 0.387071 -1.400629 0.212177 -0.960599 1.862648 -0.169161 -0.543802 1.376665 1740769432.234351
0.292026 1.378011 -1.672897 -0.236213 0.382588 -1.390533 0.213653 -0.971833 1.869578 -0.168600 -0.533490 1.372268 1740769432.246210
0.297368 1.378832 -1.670060 -0.232617 0.379297 -1.382828 0.214839 -0.980771 1.874962 -0.168142 -0.525270 1.368592 1740769432.255777
0.301787 1.379196 -1.667894 -0.230131 0.377129 -1.377322 0.215758 -0.987506 1.879042 -0.167792 -0.519109 1.365720 1740769432.270817
0.305574 1.379085 -1.666397 -0.228601 0.376004 -1.373725 0.216441 -0.992244 1.882075 -0.167548 -0.514869 1.363673 1740769432.279413
0.303933 1.386102 -1.678269 -0.230004 0.379664 -1.377604 0.216136 -0.998245 1.878860 -0.167705 -0.510907 1.365345 1740769432.289301
0.308109 1.396752 -1.691850 -0.229216 0.384729 -1.383213 0.216163 -1.005794 1.877488 -0.167927 -0.507175 1.367617 1740769432.300081
0.312646 1.408186 -1.707022 -0.228113 0.390618 -1.389328 0.216115 -1.014153 1.875247 -0.168142 -0.503465 1.369822 1740769432.311210
0.317412 1.419814 -1.725734 -0.226739 0.397195 -1.395769 0.215928 -1.023092 1.871748 -0.168343 -0.499869 1.371904 1740769432.322624
0.322578 1.431654 -1.749891 -0.225098 0.404519 -1.402565 0.215550 -1.032675 1.866523 -0.168532 -0.496345 1.373886 1740769432.332270
0.328791 1.444239 -1.779374 -0.223150 0.412827 -1.409879 0.214917 -1.043184 1.858866 -0.168712 -0.492798 1.375819 1740769432.342320
0.336279 1.457152 -1.811274 -0.220994 0.421754 -1.417342 0.214033 -1.054154 1.848595 -0.168875 -0.489384 1.377610 1740769432.353525
0.345663 1.470711 -1.844530 -0.218593 0.431518 -1.425095 0.212883 -1.065875 1.834978 -0.169024 -0.486015 1.379309 1740769432.365327
0.356597 1.484030 -1.878384 -0.216021 0.441877 -1.432906 0.211493 -1.077473 1.818283 -0.169154 -0.482764 1.380875 1740769432.374409
0.368413 1.496446 -1.912772 -0.213356 0.452571 -1.440562 0.209963 -1.088175 1.799454 -0.169265 -0.479690 1.382286 1740769432.385597
0.381461 1.508416 -1.948551 -0.210506 0.464008 -1.448326 0.208333 -1.098366 1.778104 -0.169360 -0.476659 1.383602 1740769432.395167
0.395142 1.519424 -1.983928 -0.207588 0.475765 -1.455882 0.206746 -1.107629 1.755319 -0.169437 -0.473772 1.384781 1740769432.407501
0.409322 1.529414 -2.018513 -0.204611 0.487847 -1.463231 0.205258 -1.115971 1.731390 -0.169497 -0.471007 1.385837 1740769432.416723
0.425580 1.539231 -2.055758 -0.201224 0.501738 -1.471212 0.203753 -1.124189 1.703595 -0.169545 -0.468040 1.386884 1740769432.428847
0.441492 1.547137 -2.089856 -0.197897 0.515560 -1.478702 0.202478 -1.130973 1.675954 -0.169573 -0.465276 1.387770 1740769432.439403
0.457782 1.553310 -2.122427 -0.194432 0.530170 -1.486174 0.201350 -1.136674 1.647033 -0.169584 -0.462529 1.388561 1740769432.450182
0.473585 1.557208 -2.152262 -0.190962 0.545044 -1.493346 0.200390 -1.140942 1.618148 -0.169576 -0.459891 1.389226 1740769432.460715
0.488922 1.558617 -2.179953 -0.187434 0.560444 -1.500340 0.199535 -1.143721 1.589051 -0.169552 -0.457307 1.389784 1740769432.470305
0.504354 1.556925 -2.206762 -0.183640 0.577351 -1.507547 0.198670 -1.144818 1.558268 -0.169507 -0.454621 1.390255 1740769432.483694
0.518738 1.551451 -2.230972 -0.179753 0.595089 -1.514608 0.197790 -1.143850 1.527532 -0.169442 -0.451952 1.390605 1740769432.494855
0.531079 1.543086 -2.251191 -0.175982 0.612744 -1.521155 0.197192 -1.141585 1.498972 -0.169359 -0.449429 1.390819 1740769432.506188
0.542077 1.531255 -2.268481 -0.172093 0.631466 -1.527600 0.196822 -1.138164 1.471192 -0.169255 -0.446883 1.390910 1740769432.517766
0.551005 1.516456 -2.281532 -0.168331 0.650148 -1.533542 0.196624 -1.133933 1.446259 -0.169136 -0.444461 1.390870 1740769432.533382
0.557836 1.499640 -2.290740 -0.164956 0.668163 -1.538831 0.196510 -1.129252 1.425036 -0.169008 -0.442226 1.390715 1740769432.537281
0.563195 1.480538 -2.297667 -0.161975 0.686400 -1.543765 0.196400 -1.124051 1.406512 -0.168865 -0.440054 1.390451 1740769432.551740
0.566847 1.461243 -2.302095 -0.159592 0.703189 -1.547950 0.196253 -1.118944 1.392201 -0.168724 -0.438124 1.390113 1740769432.563668
0.569593 1.437759 -2.305014 -0.157298 0.722058 -1.552263 0.195984 -1.112937 1.379400 -0.168554 -0.436024 1.389629 1740769432.571998
0.571027 1.411545 -2.305901 -0.155325 0.741636 -1.556316 0.195593 -1.106482 1.369218 -0.168366 -0.433913 1.389012 1740769432.582717
0.571093 1.382733 -2.304682 -0.153703 0.761820 -1.560054 0.195120 -1.099677 1.361017 -0.168161 -0.431799 1.388256 1740769432.595089
0.569880 1.353478 -2.301584 -0.152521 0.781233 -1.563235 0.194627 -1.093101 1.354898 -0.167954 -0.429817 1.387412 1740769432.605767
0.567685 1.325149 -2.297107 -0.151749 0.799226 -1.565825 0.194168 -1.087085 1.350442 -0.167752 -0.428018 1.386526 1740769432.620806
0.564128 1.292883 -2.290492 -0.151251 0.818959 -1.568269 0.193696 -1.080694 1.346551 -0.167522 -0.426081 1.385439 1740769432.630712
0.558695 1.255197 -2.280968 -0.151124 0.841200 -1.570520 0.193250 -1.073925 1.342974 -0.167252 -0.423932 1.384059 1740769432.643501
0.553476 1.225360 -2.272178 -0.151342 0.858322 -1.571885 0.193004 -1.069160 1.340484 -0.167037 -0.422298 1.382884 1740769432.648386
0.546172 1.189583 -2.260274 -0.151952 0.878404 -1.573063 0.192804 -1.064062 1.337810 -0.166776 -0.420396 1.381370 1740769432.665865
0.537827 1.154294 -2.247128 -0.152918 0.897834 -1.573757 0.192542 -1.059143 1.336243 -0.166516 -0.418563 1.379756 1740769432.679538
0.526600 1.113236 -2.230094 -0.154497 0.920081 -1.573979 0.192136 -1.053357 1.335706 -0.166210 -0.416464 1.377715 1740769432.694327
0.515525 1.077908 -2.213888 -0.156260 0.938992 -1.573630 0.191700 -1.048198 1.336256 -0.165943 -0.414671 1.375800 1740769432.698855
0.503185 1.041656 -2.195359 -0.158435 0.958077 -1.572358 0.191176 -1.042674 1.337697 -0.165670 -0.412853 1.373691 1740769432.713469
0.491658 1.009603 -2.177325 -0.160665 0.974623 -1.570426 0.190654 -1.037530 1.339631 -0.165430 -0.411263 1.371707 1740769432.725152
0.480477 0.979753 -2.159178 -0.163014 0.989732 -1.568006 0.190121 -1.032446 1.341927 -0.165210 -0.409792 1.369751 1740769432.734372
0.468754 0.949548 -2.139496 -0.165664 1.004770 -1.564997 0.189537 -1.026934 1.344689 -0.164972 -0.408340 1.367531 1740769432.744962
0.456764 0.919892 -2.118785 -0.168530 1.019526 -1.561524 0.188921 -1.021054 1.347800 -0.164671 -0.407156 1.364835 1740769432.755221
0.444303 0.890194 -2.096653 -0.171674 1.034264 -1.557570 0.188260 -1.014601 1.351267 -0.164342 -0.406412 1.362111 1740769432.767726
0.432172 0.862167 -2.074484 -0.174906 1.048075 -1.553441 0.187598 -1.007893 1.354818 -0.164054 -0.406314 1.360085 1740769432.778456
0.419487 0.833716 -2.050709 -0.178443 1.061947 -1.548903 0.186888 -1.000360 1.358645 -0.163835 -0.407037 1.359208 1740769432.790216
0.405887 0.804372 -2.024871 -0.182299 1.076146 -1.543910 0.186114 -0.991694 1.362758 -0.163751 -0.408927 1.360335 1740769432.799389
0.393433 0.778364 -2.000869 -0.185914 1.088642 -1.539275 0.185390 -0.983124 1.366476 -0.163857 -0.411846 1.363838 1740769432.809566
