0.486089 0.530561 -1.798393 -0.456324 1.302961 -1.616586 0.355523 -0.864291 1.495411 -0.390817 -0.634128 1.728591 1740089174.559003
0.475492 0.512518 -1.772715 -0.461629 1.310953 -1.617352 0.353866 -0.844583 1.492045 -0.395765 -0.657238 1.754695 1740089174.559733
0.465611 0.496186 -1.748311 -0.466699 1.318352 -1.618738 0.352319 -0.825498 1.488367 -0.400679 -0.680358 1.779696 1740089174.561363
0.455982 0.480972 -1.724162 -0.471762 1.325546 -1.620762 0.350827 -0.806323 1.484307 -0.405726 -0.704356 1.804446 1740089174.572917
0.446569 0.467097 -1.700239 -0.476826 1.332588 -1.623417 0.349399 -0.787171 1.479933 -0.410858 -0.729142 1.828682 1740089174.584590
0.437654 0.455230 -1.677336 -0.481724 1.339290 -1.626579 0.348093 -0.768825 1.475475 -0.415834 -0.753697 1.851315 1740089174.595981
0.429950 0.445933 -1.657468 -0.486115 1.345239 -1.629895 0.346993 -0.752662 1.471356 -0.420238 -0.776038 1.870656 1740089174.607531
0.421176 0.436376 -1.634913 -0.491419 1.352385 -1.634481 0.345766 -0.733685 1.466319 -0.425386 -0.803181 1.892459 1740089174.617970
0.413584 0.428827 -1.615569 -0.496437 1.359012 -1.639352 0.344717 -0.716498 1.461594 -0.429967 -0.828692 1.911130 1740089174.630769
0.406636 0.422256 -1.598149 -0.501587 1.365543 -1.644826 0.343761 -0.699843 1.456890 -0.434253 -0.854352 1.927967 1740089174.641524
0.400639 0.416728 -1.583526 -0.506681 1.371825 -1.650652 0.342936 -0.684466 1.452462 -0.437986 -0.878968 1.942090 1740089174.653770
0.395277 0.411733 -1.571015 -0.512034 1.378349 -1.657115 0.342196 -0.669577 1.448121 -0.441280 -0.903774 1.954049 1740089174.663359
0.390355 0.407864 -1.561118 -0.517557 1.385495 -1.662984 0.341542 -0.655389 1.444043 -0.443934 -0.928008 1.963188 1740089174.675182
0.385673 0.405366 -1.553608 -0.523238 1.393160 -1.669230 0.340970 -0.641883 1.440330 -0.445824 -0.951267 1.969158 1740089174.687147
0.381346 0.404161 -1.548258 -0.528889 1.400752 -1.677610 0.340497 -0.629490 1.437160 -0.446851 -0.972561 1.971704 1740089174.697219
0.377062 0.404081 -1.544378 -0.534982 1.408683 -1.690418 0.340088 -0.617374 1.434317 -0.447019 -0.993222 1.970803 1740089174.710936
0.372817 0.405157 -1.541821 -0.542145 1.417741 -1.707197 0.339700 -0.605597 1.431443 -0.446111 -1.013683 1.965706 1740089174.718621
0.368733 0.407338 -1.540463 -0.550675 1.428274 -1.727280 0.339332 -0.594525 1.428567 -0.444258 -1.033156 1.956718 1740089174.729892
0.364576 0.410772 -1.540079 -0.561608 1.441508 -1.752107 0.338964 -0.583544 1.425546 -0.441495 -1.052431 1.943519 1740089174.742652
0.360588 0.415284 -1.540520 -0.574569 1.456773 -1.781116 0.338619 -0.573331 1.422585 -0.438155 -1.070064 1.927199 1740089174.752371
0.356544 0.421108 -1.541626 -0.589966 1.474072 -1.816479 0.338278 -0.563345 1.419553 -0.434250 -1.086758 1.907305 1740089174.767158
0.352746 0.427695 -1.543236 -0.606719 1.492145 -1.853330 0.337967 -0.554260 1.416681 -0.430226 -1.101225 1.885719 1740089174.773829
0.348690 0.435910 -1.545549 -0.627150 1.513325 -1.894228 0.337644 -0.544816 1.413590 -0.425661 -1.115258 1.859699 1740089174.788895
0.344652 0.445294 -1.548448 -0.649941 1.535904 -1.936031 0.337332 -0.535630 1.410489 -0.420940 -1.127627 1.830885 1740089174.796992
0.340687 0.455686 -1.551871 -0.674628 1.559137 -1.979472 0.337036 -0.526768 1.407425 -0.416214 -1.138064 1.799870 1740089174.808214
0.336792 0.467042 -1.555787 -0.701046 1.582613 -2.023964 0.336757 -0.518173 1.404399 -0.411542 -1.146490 1.766882 1740089174.820241
0.332779 0.479948 -1.560395 -0.730357 1.606962 -2.071038 0.336484 -0.509386 1.401270 -0.406728 -1.153059 1.730338 1740089174.830472
0.329342 0.491994 -1.564803 -0.756944 1.627420 -2.111759 0.336264 -0.501878 1.398585 -0.402539 -1.156725 1.696418 1740089174.840743
0.325534 0.506420 -1.570181 -0.787599 1.648867 -2.156501 0.336039 -0.493546 1.395611 -0.397964 -1.158566 1.657019 1740089174.851878
0.322020 0.520750 -1.575595 -0.816483 1.666595 -2.196628 0.335851 -0.485808 1.392876 -0.393895 -1.158073 1.620446 1740089174.862689
0.318386 0.536599 -1.581633 -0.846255 1.681680 -2.236050 0.335679 -0.477727 1.390062 -0.389824 -1.155170 1.583792 1740089174.874744
0.314801 0.553282 -1.588034 -0.875402 1.693086 -2.272818 0.335523 -0.469654 1.387303 -0.386035 -1.150424 1.548267 1740089174.888080
0.311358 0.570263 -1.594566 -0.902645 1.700464 -2.305808 0.335385 -0.461790 1.384678 -0.382664 -1.144498 1.515128 1740089174.900943
0.307870 0.588351 -1.601511 -0.928669 1.703821 -2.336338 0.335265 -0.453710 1.382065 -0.379532 -1.137416 1.483364 1740089174.909578
0.304586 0.606132 -1.608291 -0.950926 1.702668 -2.361915 0.335172 -0.446044 1.379663 -0.376834 -1.130003 1.455840 1740089174.919836
0.301364 0.624171 -1.615089 -0.969831 1.696982 -2.383500 0.335098 -0.438672 1.377382 -0.374408 -1.122260 1.431777 1740089174.928411
0.298002 0.643498 -1.622244 -0.985649 1.685803 -2.401815 0.335035 -0.431200 1.375100 -0.372087 -1.113912 1.410422 1740089174.940408
0.294721 0.662707 -1.629184 -0.996511 1.669458 -2.415091 0.334989 -0.424179 1.372990 -0.370007 -1.105724 1.393861 1740089174.951391
0.291459 0.682794 -1.636252 -1.003061 1.647276 -2.424355 0.334955 -0.417269 1.370953 -0.368062 -1.097509 1.381103 1740089174.962521
0.288483 0.703518 -1.643398 -1.006018 1.620109 -2.430318 0.334934 -0.410629 1.369043 -0.366361 -1.089770 1.371404 1740089174.974108
0.285834 0.724629 -1.650544 -1.005645 1.588639 -2.433016 0.334925 -0.404354 1.367291 -0.365003 -1.082957 1.364319 1740089174.986799
0.283554 0.745658 -1.657545 -1.002413 1.554145 -2.432645 0.334926 -0.398574 1.365735 -0.364084 -1.077540 1.359383 1740089174.996176
0.281424 0.767324 -1.664640 -0.996791 1.516064 -2.429390 0.334939 -0.393102 1.364326 -0.363493 -1.073252 1.355908 1740089175.007432
0.279501 0.788362 -1.671430 -0.989603 1.477227 -2.423723 0.334960 -0.388243 1.363144 -0.363171 -1.070066 1.353583 1740089175.018875
0.277782 0.808739 -1.677928 -0.981334 1.438334 -2.416113 0.334988 -0.383951 1.362173 -0.363067 -1.067773 1.351894 1740089175.028219
0.276037 0.831522 -1.685121 -0.970877 1.393844 -2.405374 0.335029 -0.379621 1.361283 -0.363165 -1.066000 1.350255 1740089175.039654
0.274502 0.854093 -1.692191 -0.959534 1.349183 -2.392641 0.335079 -0.375813 1.360610 -0.363434 -1.064889 1.349114 1740089175.050786
0.273121 0.877546 -1.699494 -0.946953 1.302577 -2.377424 0.335140 -0.372359 1.360128 -0.363852 -1.064242 1.348579 1740089175.062354
0.271993 0.900531 -1.706629 -0.934032 1.257062 -2.360738 0.335210 -0.369467 1.359874 -0.364363 -1.063966 1.348710 1740089175.073140
0.271095 0.923578 -1.713778 -0.920642 1.211892 -2.342419 0.335290 -0.367064 1.359842 -0.364944 -1.063908 1.349508 1740089175.085650
0.270434 0.947120 -1.721093 -0.906638 1.166502 -2.322222 0.335384 -0.365127 1.360045 -0.365580 -1.063942 1.351036 1740089175.097492
0.270069 0.968669 -1.727815 -0.893612 1.125812 -2.302539 0.335479 -0.363822 1.360447 -0.366176 -1.063943 1.353093 1740089175.108640
0.269947 0.993121 -1.735494 -0.878666 1.080848 -2.278954 0.335600 -0.362898 1.361163 -0.366844 -1.063780 1.356228 1740089175.118140
0.270142 1.016605 -1.742938 -0.864318 1.038828 -2.255020 0.335736 -0.362510 1.362076 -0.367453 -1.063328 1.360090 1740089175.128932
0.270649 1.039609 -1.750317 -0.850478 0.998543 -2.230255 0.335922 -0.362746 1.363428 -0.368000 -1.062476 1.364737 1740089175.141100
0.271489 1.062618 -1.757806 -0.836853 0.959188 -2.204317 0.336205 -0.364043 1.365784 -0.368481 -1.061088 1.370307 1740089175.152443
0.272595 1.084087 -1.764910 -0.824331 0.923368 -2.179177 0.336601 -0.366635 1.369407 -0.368859 -1.059189 1.376406 1740089175.165572
0.274136 1.106871 -1.772599 -0.811228 0.886356 -2.151621 0.337218 -0.371342 1.375360 -0.369180 -1.056399 1.383917 1740089175.173994
0.276036 1.129160 -1.780293 -0.798575 0.851200 -2.123896 0.338086 -0.378445 1.383959 -0.369410 -1.052749 1.392405 1740089175.184112
0.278298 1.150919 -1.788000 -0.786354 0.817938 -2.096202 0.339275 -0.388378 1.395762 -0.369562 -1.048152 1.401895 1740089175.197618
0.281032 1.172940 -1.796014 -0.774087 0.785396 -2.067635 0.340934 -0.402073 1.412003 -0.369655 -1.042281 1.412839 1740089175.207186
0.284046 1.193835 -1.803670 -0.762520 0.755655 -2.040145 0.342951 -0.417928 1.431543 -0.369708 -1.035409 1.424410 1740089175.217966
0.287534 1.215016 -1.811353 -0.750832 0.726723 -2.011998 0.345438 -0.436692 1.455121 -0.369753 -1.026949 1.437133 1740089175.229793
0.291245 1.234985 -1.818428 -0.739809 0.700643 -1.985281 0.348202 -0.456958 1.480504 -0.369809 -1.017380 1.449864 1740089175.240089
0.295559 1.254528 -1.825093 -0.728719 0.676317 -1.959049 0.351327 -0.479357 1.507973 -0.369846 -1.006169 1.462831 1740089175.253702
0.301288 1.273487 -1.831217 -0.716753 0.653862 -1.933578 0.354826 -0.503780 1.536786 -0.369710 -0.993047 1.475721 1740089175.262072
0.307349 1.289421 -1.835989 -0.705661 0.635859 -1.912101 0.358085 -0.526373 1.562222 -0.369483 -0.980254 1.486577 1740089175.272968
0.316558 1.309392 -1.841302 -0.690342 0.614405 -1.884998 0.362483 -0.557300 1.594937 -0.369076 -0.961895 1.499865 1740089175.284793
0.325768 1.326229 -1.845036 -0.676141 0.597163 -1.861805 0.366446 -0.585646 1.623008 -0.368635 -0.944301 1.510468 1740089175.297134
0.336288 1.342822 -1.847860 -0.660922 0.580703 -1.838354 0.370720 -0.615787 1.651703 -0.368097 -0.924851 1.520037 1740089175.307603
0.348233 1.359269 -1.849566 -0.644519 0.564824 -1.814302 0.375386 -0.647898 1.681276 -0.367425 -0.903312 1.528174 1740089175.318939
0.360097 1.373731 -1.849897 -0.628889 0.551137 -1.792262 0.379912 -0.678045 1.708323 -0.366668 -0.882315 1.533708 1740089175.329834
0.372782 1.387541 -1.849123 -0.612753 0.538210 -1.770157 0.384684 -0.708619 1.735227 -0.365774 -0.860229 1.537427 1740089175.340947
0.385871 1.400301 -1.847431 -0.596618 0.526285 -1.748502 0.389579 -0.738552 1.761208 -0.364790 -0.837789 1.539486 1740089175.351509
0.399326 1.412080 -1.844934 -0.580479 0.515183 -1.727114 0.394615 -0.767751 1.786354 -0.363728 -0.815036 1.540077 1740089175.366344
0.413142 1.422958 -1.841718 -0.564288 0.504755 -1.705728 0.399831 -0.796228 1.810791 -0.362597 -0.791950 1.539353 1740089175.375979
0.427851 1.433342 -1.837685 -0.547323 0.494643 -1.682986 0.405494 -0.825491 1.835496 -0.361360 -0.767620 1.537337 1740089175.386495
0.441605 1.442045 -1.833429 -0.531699 0.485917 -1.661714 0.410896 -0.852138 1.857538 -0.360185 -0.745036 1.534447 1740089175.398183
0.453743 1.448978 -1.829326 -0.518106 0.478637 -1.642979 0.415746 -0.875193 1.876243 -0.359144 -0.725186 1.531178 1740089175.412670
0.466615 1.455604 -1.824643 -0.503887 0.471183 -1.623165 0.420977 -0.899288 1.895402 -0.358047 -0.704202 1.527035 1740089175.416303
0.479716 1.461605 -1.819539 -0.489617 0.463678 -1.603044 0.426400 -0.923557 1.914264 -0.356942 -0.683080 1.522140 1740089175.428733
0.492004 1.466550 -1.814435 -0.476412 0.456473 -1.584167 0.431588 -0.946219 1.931437 -0.355898 -0.663392 1.516929 1740089175.441361
0.502864 1.470348 -1.809641 -0.464874 0.449696 -1.567387 0.436270 -0.966312 1.946255 -0.354952 -0.645959 1.511799 1740089175.455254
0.512765 1.473405 -1.804982 -0.454476 0.442955 -1.551725 0.440649 -0.984899 1.959554 -0.354053 -0.629839 1.506623 1740089175.459357
0.521917 1.476067 -1.800373 -0.445070 0.436419 -1.536723 0.444803 -1.002464 1.971674 -0.353174 -0.614592 1.501337 1740089175.472203
0.529974 1.478227 -1.796090 -0.437094 0.430640 -1.523443 0.448475 -1.018100 1.981968 -0.352361 -0.600979 1.496284 1740089175.484938
0.536822 1.479854 -1.792322 -0.430690 0.425920 -1.512451 0.451505 -1.031309 1.990130 -0.351645 -0.589413 1.491730 1740089175.498602
0.542269 1.480923 -1.789303 -0.425991 0.422478 -1.504205 0.453817 -1.041556 1.996142 -0.351068 -0.580405 1.487999 1740089175.512011
0.547295 1.481603 -1.786608 -0.422154 0.419768 -1.497331 0.455871 -1.050523 2.001360 -0.350550 -0.572552 1.484599 1740089175.515270
0.551353 1.481762 -1.784671 -0.419642 0.418179 -1.492695 0.457396 -1.056956 2.005182 -0.350173 -0.566988 1.482092 1740089175.527559
0.549314 1.482145 -1.786499 -0.420501 0.418463 -1.491348 0.457292 -1.061055 2.004137 -0.350083 -0.563311 1.481190 1740089175.538801
0.556570 1.494590 -1.802007 -0.420190 0.423534 -1.497133 0.457251 -1.069657 2.002892 -0.350715 -0.558813 1.483712 1740089175.550953
0.564352 1.508009 -1.817488 -0.419530 0.429423 -1.503339 0.457084 -1.079043 2.000938 -0.351317 -0.554484 1.486085 1740089175.561733
0.572589 1.521694 -1.835369 -0.418573 0.435984 -1.509800 0.456647 -1.088973 1.997815 -0.351882 -0.550380 1.488276 1740089175.573104
0.581768 1.535894 -1.858883 -0.417316 0.443413 -1.516683 0.455796 -1.099722 1.992929 -0.352428 -0.546355 1.490366 1740089175.583711
0.592387 1.550764 -1.888209 -0.415777 0.451698 -1.523932 0.454414 -1.111243 1.985738 -0.352951 -0.542417 1.492346 1740089175.595367
0.604367 1.565794 -1.919942 -0.414061 0.460387 -1.531132 0.452523 -1.122918 1.976238 -0.353426 -0.538746 1.494130 1740089175.606423
0.620444 1.583733 -1.957772 -0.411865 0.471047 -1.539491 0.449691 -1.136819 1.961902 -0.353932 -0.534723 1.496008 1740089175.617524
0.637190 1.600301 -1.992390 -0.409682 0.481353 -1.547133 0.446545 -1.149577 1.945537 -0.354356 -0.531223 1.497571 1740089175.628084
0.656391 1.617252 -2.030099 -0.407229 0.492720 -1.555117 0.442813 -1.162117 1.925648 -0.354765 -0.527709 1.499066 1740089175.638649
0.677247 1.633856 -2.069023 -0.404613 0.504711 -1.563078 0.438827 -1.173799 1.903317 -0.355141 -0.524320 1.500431 1740089175.652317
0.699990 1.650311 -2.109252 -0.401798 0.517530 -1.571103 0.434699 -1.184745 1.878530 -0.355490 -0.520990 1.501693 1740089175.661611
0.724417 1.666395 -2.150101 -0.398799 0.531171 -1.579139 0.430580 -1.194821 1.851628 -0.355812 -0.517720 1.502847 1740089175.672681
0.749553 1.681387 -2.189794 -0.395716 0.545250 -1.586945 0.426685 -1.203673 1.823699 -0.356097 -0.514588 1.503866 1740089175.686621
0.776260 1.695558 -2.229581 -0.392403 0.560499 -1.594902 0.422891 -1.211599 1.793623 -0.356359 -0.511429 1.504801 1740089175.697703
0.801947 1.707231 -2.265728 -0.389124 0.575761 -1.602392 0.419507 -1.217875 1.764001 -0.356580 -0.508474 1.505585 1740089175.706013
0.827794 1.716671 -2.300546 -0.385680 0.592018 -1.609895 0.416288 -1.222777 1.733237 -0.356775 -0.505518 1.506270 1740089175.718470
0.852318 1.722882 -2.332616 -0.382212 0.608668 -1.617109 0.413300 -1.225902 1.702798 -0.356935 -0.502670 1.506830 1740089175.728257
0.874941 1.725233 -2.361715 -0.378741 0.625668 -1.624015 0.410448 -1.227098 1.673020 -0.357061 -0.499924 1.507269 1740089175.739906
0.894506 1.723366 -2.386828 -0.375398 0.642409 -1.630390 0.407759 -1.226383 1.645157 -0.357153 -0.497362 1.507580 1740089175.750390
0.912523 1.717481 -2.410057 -0.371870 0.660516 -1.636836 0.405276 -1.224351 1.617038 -0.357219 -0.494731 1.507794 1740089175.761929
0.927042 1.707806 -2.428963 -0.368487 0.678377 -1.642761 0.403227 -1.221417 1.591555 -0.357252 -0.492264 1.507889 1740089175.771716
0.938923 1.693157 -2.444736 -0.364987 0.697444 -1.648630 0.401376 -1.217473 1.566979 -0.357256 -0.489756 1.507871 1740089175.783533
0.947340 1.674177 -2.456416 -0.361677 0.716641 -1.654086 0.399766 -1.212833 1.545122 -0.357229 -0.487351 1.507739 1740089175.794209
0.952654 1.653543 -2.464628 -0.358998 0.734477 -1.658765 0.398422 -1.208046 1.527505 -0.357179 -0.485209 1.507516 1740089175.807138
0.956049 1.627140 -2.471147 -0.356418 0.754607 -1.663623 0.397005 -1.202205 1.510834 -0.357096 -0.482890 1.507157 1740089175.816524
0.956960 1.600413 -2.474739 -0.354444 0.773004 -1.667685 0.395751 -1.196550 1.498680 -0.356995 -0.480848 1.506732 1740089175.826442
0.955671 1.566912 -2.476276 -0.352602 0.794197 -1.671934 0.394315 -1.189751 1.487965 -0.356852 -0.478577 1.506128 1740089175.838073
0.952283 1.532135 -2.475290 -0.351240 0.814691 -1.675617 0.392943 -1.182977 1.479874 -0.356689 -0.476454 1.505432 1740089175.849237
0.947036 1.495593 -2.472051 -0.350281 0.835066 -1.678874 0.391613 -1.176169 1.473600 -0.356501 -0.474405 1.504629 1740089175.861642
0.940037 1.457142 -2.466641 -0.349701 0.855593 -1.681750 0.390334 -1.169363 1.468681 -0.356288 -0.472395 1.503709 1740089175.871378
0.931233 1.416361 -2.458977 -0.349504 0.876633 -1.684279 0.389120 -1.162584 1.464727 -0.356045 -0.470382 1.502647 1740089175.882845
0.922519 1.380748 -2.450831 -0.349651 0.894564 -1.686098 0.388190 -1.157080 1.461951 -0.355820 -0.468700 1.501643 1740089175.895223
0.910797 1.337690 -2.439302 -0.350202 0.915859 -1.687850 0.387244 -1.151023 1.459032 -0.355529 -0.466735 1.500331 1740089175.906850
0.898748 1.297609 -2.426989 -0.351075 0.935427 -1.689061 0.386546 -1.146029 1.456475 -0.355240 -0.464953 1.499001 1740089175.914439
0.885533 1.257385 -2.413131 -0.352300 0.954921 -1.689876 0.385864 -1.141170 1.454666 -0.354932 -0.463196 1.497554 1740089175.926641
0.871924 1.219313 -2.398623 -0.353791 0.973313 -1.690271 0.385185 -1.136502 1.453798 -0.354622 -0.461549 1.496068 1740089175.938859
0.856705 1.180168 -2.382257 -0.355681 0.992232 -1.690282 0.384441 -1.131538 1.453713 -0.354284 -0.459859 1.494406 1740089175.950294
0.840463 1.141762 -2.364631 -0.357899 1.010837 -1.689807 0.383657 -1.126413 1.454397 -0.353932 -0.458196 1.492630 1740089175.971883
0.823465 1.104057 -2.345402 -0.360386 1.029046 -1.688532 0.382836 -1.121100 1.455764 -0.353570 -0.456571 1.490753 1740089175.973077
0.806121 1.067515 -2.324918 -0.363108 1.046598 -1.686528 0.381989 -1.115604 1.457701 -0.353204 -0.455000 1.488801 1740089175.978032
0.787837 1.030632 -2.302413 -0.366195 1.064179 -1.683778 0.381078 -1.109613 1.460227 -0.352820 -0.453410 1.486684 1740089175.994556
0.770703 0.997399 -2.280520 -0.369296 1.079984 -1.680705 0.380203 -1.103730 1.462964 -0.352407 -0.452042 1.484443 1740089176.007439
0.751948 0.962537 -2.255771 -0.372896 1.096762 -1.676885 0.379221 -1.096917 1.466283 -0.351828 -0.450943 1.481577 1740089176.016899
0.733332 0.929248 -2.230397 -0.376696 1.112912 -1.672698 0.378215 -1.089667 1.469848 -0.351236 -0.450429 1.478927 1740089176.027703
0.716129 0.899436 -2.206209 -0.380425 1.127400 -1.668531 0.377251 -1.082433 1.473329 -0.350775 -0.450613 1.477206 1740089176.037619
0.697605 0.868325 -2.179491 -0.384622 1.142511 -1.663802 0.376176 -1.073997 1.477205 -0.350479 -0.451694 1.476762 1740089176.059356
0.679046 0.838205 -2.152200 -0.388961 1.157169 -1.658904 0.375059 -1.064815 1.481129 -0.350508 -0.453874 1.478444 1740089176.060626
0.660663 0.809197 -2.124606 -0.393434 1.171304 -1.653944 0.373903 -1.054857 1.484994 -0.350983 -0.457341 1.482941 1740089176.073678
0.642700 0.781451 -2.097039 -0.398019 1.184826 -1.649038 0.372711 -1.044132 1.488687 -0.352019 -0.462264 1.490868 1740089176.078056
0.623972 0.752937 -2.067556 -0.403086 1.198697 -1.643905 0.371384 -1.031679 1.492370 -0.353729 -0.469435 1.503029 1740089176.095595
0.606896 0.727082 -2.039875 -0.408030 1.211221 -1.639252 0.370075 -1.018931 1.495495 -0.355835 -0.478291 1.517516 1740089176.107487
0.591014 0.702936 -2.013279 -0.412979 1.222830 -1.634985 0.368744 -1.005586 1.498116 -0.358285 -0.489069 1.534049 1740089176.114214
0.575527 0.679094 -1.986348 -0.418193 1.234191 -1.630929 0.367305 -0.990878 1.500295 -0.361173 -0.502391 1.553225 1740089176.134988
0.560996 0.656471 -1.959975 -0.423394 1.244956 -1.627297 0.365805 -0.975486 1.501858 -0.364391 -0.516876 1.574068 1740089176.142314
0.547095 0.634421 -1.933430 -0.428699 1.255434 -1.624051 0.364220 -0.959097 1.502760 -0.368001 -0.532768 1.596830 1740089176.149907
0.534073 0.613138 -1.906982 -0.434043 1.265509 -1.621291 0.362578 -0.941941 1.502886 -0.371938 -0.549921 1.620994 1740089176.179276
0.521734 0.592253 -1.880364 -0.439468 1.275278 -1.619066 0.360876 -0.923907 1.502172 -0.376213 -0.568521 1.646494 1740089176.180795
0.510139 0.572272 -1.854496 -0.444772 1.284407 -1.617508 0.359193 -0.905710 1.500748 -0.380626 -0.587879 1.672079 1740089176.203029
0.499182 0.553238 -1.829333 -0.449950 1.292941 -1.616645 0.357545 -0.887439 1.498717 -0.385114 -0.607909 1.697389 1740089176.204198
0.488664 0.534998 -1.804550 -0.455055 1.301006 -1.616506 0.355924 -0.868952 1.496137 -0.389666 -0.628772 1.722383 1740089176.208222
