0.061976 1.073470 -1.669958 -0.522830 0.778129 -1.968074 0.157484 -0.342689 1.275545 -0.185143 -0.972116 1.282067
0.066154 1.145026 -1.697369 -0.495695 0.674535 -1.872077 0.160905 -0.403932 1.352156 -0.184962 -0.947667 1.326407
0.070325 1.176542 -1.708741 -0.482420 0.633191 -1.828234 0.163219 -0.443145 1.400703 -0.184796 -0.929638 1.349469
0.078398 1.205898 -1.718210 -0.466359 0.597399 -1.786815 0.166107 -0.487185 1.451403 -0.184263 -0.906696 1.371520
0.091678 1.236811 -1.726220 -0.445093 0.562334 -1.742153 0.169774 -0.540908 1.507316 -0.183361 -0.875875 1.393666
0.107298 1.262278 -1.730138 -0.423624 0.534941 -1.703299 0.173417 -0.591813 1.556070 -0.182338 -0.843937 1.409041
0.126155 1.286017 -1.730542 -0.400131 0.510024 -1.664278 0.177453 -0.644741 1.604462 -0.181074 -0.808098 1.418816
0.147207 1.307212 -1.727858 -0.375796 0.487784 -1.625879 0.181749 -0.696783 1.650706 -0.179601 -0.770168 1.423055
0.170206 1.325818 -1.722585 -0.350853 0.467683 -1.587316 0.186379 -0.747070 1.694769 -0.177928 -0.730515 1.422543
0.189529 1.338749 -1.716890 -0.330838 0.453098 -1.555701 0.190388 -0.785937 1.728108 -0.176488 -0.698189 1.419276
0.213206 1.351758 -1.708688 -0.307284 0.437126 -1.517453 0.195477 -0.830809 1.765332 -0.174716 -0.659433 1.412510
0.237728 1.362552 -1.699083 -0.283780 0.421447 -1.478414 0.200914 -0.875215 1.800759 -0.172924 -0.620245 1.403026
0.257240 1.369184 -1.690584 -0.265677 0.408336 -1.447481 0.205382 -0.909719 1.827020 -0.171479 -0.589591 1.393686
0.264057 1.371160 -1.687413 -0.259474 0.403380 -1.436498 0.206982 -0.921794 1.835912 -0.170956 -0.578812 1.390039
0.289262 1.377460 -1.674396 -0.238284 0.384509 -1.394867 0.213020 -0.966999 1.866621 -0.168843 -0.537933 1.374172
0.295829 1.378612 -1.670870 -0.233625 0.380214 -1.384998 0.214500 -0.978229 1.873433 -0.168273 -0.527607 1.369646
0.302942 1.379156 -1.667436 -0.229677 0.376796 -1.376242 0.215966 -0.988945 1.879958 -0.167717 -0.517820 1.365090
0.306717 1.393203 -1.687387 -0.229504 0.383002 -1.381341 0.216159 -1.003263 1.878001 -0.167856 -0.508382 1.366888
0.318277 1.421737 -1.730234 -0.226447 0.398452 -1.396900 0.215848 -1.024702 1.870732 -0.168372 -0.499309 1.372213
0.328462 1.443362 -1.777408 -0.223273 0.412280 -1.409362 0.214941 -1.042465 1.859185 -0.168698 -0.493064 1.375667
0.344644 1.469161 -1.840905 -0.218856 0.430447 -1.424232 0.213003 -1.064527 1.836414 -0.169007 -0.486394 1.379116
0.366538 1.494489 -1.907323 -0.213778 0.450880 -1.439354 0.210208 -1.086489 1.802451 -0.169247 -0.480175 1.382064
0.391170 1.516296 -1.973756 -0.208433 0.472357 -1.453713 0.207200 -1.105001 1.761950 -0.169416 -0.474599 1.384447
0.420115 1.535983 -2.043312 -0.202363 0.497063 -1.468540 0.204253 -1.121465 1.712950 -0.169529 -0.469033 1.386536
0.448067 1.549646 -2.103013 -0.196500 0.521449 -1.481717 0.202022 -1.133283 1.664288 -0.169577 -0.464167 1.388090
0.477424 1.557457 -2.159149 -0.190071 0.548943 -1.495100 0.200178 -1.141580 1.610815 -0.169569 -0.459242 1.389362
0.508958 1.555255 -2.214523 -0.182405 0.582977 -1.509797 0.198385 -1.144545 1.548480 -0.169487 -0.453771 1.390369
0.527767 1.545625 -2.245810 -0.177030 0.607803 -1.519356 0.197339 -1.142293 1.506805 -0.169384 -0.450126 1.390768
0.544824 1.526530 -2.272464 -0.170916 0.637329 -1.529452 0.196765 -1.136814 1.463440 -0.169218 -0.446125 1.390894
0.560177 1.491164 -2.293760 -0.163647 0.676220 -1.541004 0.196462 -1.126946 1.416898 -0.168945 -0.441268 1.390597
0.567395 1.455876 -2.302647 -0.159096 0.707428 -1.548898 0.196186 -1.117582 1.389496 -0.168685 -0.437656 1.389999
0.571086 1.406719 -2.305765 -0.155036 0.745057 -1.556963 0.195515 -1.105332 1.367755 -0.168332 -0.433552 1.388889
0.570004 1.356248 -2.301890 -0.152630 0.779401 -1.562937 0.194674 -1.093722 1.355465 -0.167973 -0.430003 1.387492
0.565029 1.301072 -2.292168 -0.151378 0.813949 -1.567648 0.193816 -1.082318 1.347540 -0.167580 -0.426572 1.385714
0.555976 1.239812 -2.276397 -0.151247 0.850015 -1.571211 0.193126 -1.071487 1.341697 -0.167141 -0.423091 1.383451
0.546235 1.190015 -2.260388 -0.151953 0.878155 -1.573041 0.192804 -1.064123 1.337866 -0.166779 -0.420419 1.381385
0.536798 1.151034 -2.245620 -0.153084 0.899571 -1.573722 0.192500 -1.058675 1.336311 -0.166492 -0.418399 1.379580
0.509265 1.059292 -2.204568 -0.157342 0.948828 -1.573075 0.191438 -1.045386 1.336914 -0.165802 -0.413734 1.374730
0.489855 1.004863 -2.174363 -0.161054 0.977005 -1.570004 0.190566 -1.036707 1.340026 -0.165395 -0.411030 1.371390
0.468567 0.949348 -2.139055 -0.165740 1.004874 -1.564861 0.189524 -1.026793 1.344796 -0.164954 -0.408386 1.367386
0.446854 0.896274 -2.101178 -0.171032 1.031243 -1.558379 0.188395 -1.015914 1.350556 -0.164412 -0.406576 1.362697
0.422093 0.839535 -2.055597 -0.177716 1.059112 -1.549837 0.187034 -1.001917 1.357858 -0.163877 -0.406868 1.359350
0.396908 0.785596 -2.007580 -0.184901 1.085170 -1.540569 0.185593 -0.985539 1.365442 -0.163820 -0.410985 1.362760
0.373868 0.738753 -1.962284 -0.191861 1.107495 -1.531957 0.184209 -0.968029 1.372083 -0.164523 -0.419455 1.375935
0.350483 0.692315 -1.914356 -0.199582 1.129273 -1.523308 0.182683 -0.946760 1.378164 -0.166118 -0.434479 1.400490
0.328596 0.648523 -1.866728 -0.207742 1.149365 -1.515481 0.181045 -0.922261 1.382813 -0.168466 -0.456756 1.433684
0.309810 0.609743 -1.822296 -0.215611 1.166874 -1.509229 0.179350 -0.896422 1.385378 -0.171242 -0.482864 1.471121
0.293580 0.574011 -1.779021 -0.223322 1.182797 -1.504515 0.177580 -0.868915 1.385644 -0.174411 -0.511977 1.512040
0.276323 0.533622 -1.728110 -0.232383 1.200163 -1.501093 0.175429 -0.834166 1.383068 -0.178615 -0.550521 1.563315
0.262004 0.499626 -1.683289 -0.240280 1.214211 -1.500475 0.173526 -0.801810 1.378523 -0.182628 -0.588115 1.609149
0.249089 0.469562 -1.641024 -0.247653 1.226594 -1.502050 0.171764 -0.770142 1.372581 -0.186683 -0.626571 1.652357
0.236718 0.442314 -1.599000 -0.254972 1.238406 -1.505587 0.170072 -0.737872 1.365350 -0.191008 -0.667612 1.695048
0.224714 0.418761 -1.556697 -0.262366 1.250066 -1.511218 0.168466 -0.705092 1.357016 -0.195567 -0.711416 1.736442
0.213814 0.400524 -1.517699 -0.269571 1.261364 -1.518666 0.167042 -0.673850 1.348341 -0.199989 -0.755360 1.773255
0.204605 0.387171 -1.485461 -0.276525 1.271945 -1.527492 0.165853 -0.645597 1.340010 -0.203932 -0.797243 1.803300
0.197888 0.378188 -1.463516 -0.282698 1.280868 -1.536485 0.164995 -0.623156 1.333144 -0.206863 -0.832425 1.823571
0.189762 0.369346 -1.442131 -0.291449 1.294108 -1.548892 0.164004 -0.595038 1.324578 -0.209954 -0.878414 1.842363
0.185567 0.366909 -1.434774 -0.296170 1.301804 -1.556568 0.163543 -0.581286 1.320661 -0.211009 -0.901088 1.847229
0.175097 0.367153 -1.425044 -0.309162 1.323196 -1.594657 0.162526 -0.549594 1.312426 -0.211404 -0.953034 1.840998
0.169122 0.371109 -1.423559 -0.319697 1.339872 -1.629061 0.161984 -0.532933 1.307703 -0.210102 -0.980677 1.824700
0.164461 0.376312 -1.424013 -0.330723 1.356637 -1.664170 0.161573 -0.520599 1.303921 -0.208451 -1.000766 1.805492
0.158404 0.385643 -1.426050 -0.348216 1.381741 -1.720958 0.161056 -0.505306 1.298936 -0.205798 -1.024558 1.773552
0.151864 0.399241 -1.430113 -0.372301 1.413085 -1.789090 0.160520 -0.489633 1.293483 -0.202535 -1.046342 1.729908
0.142881 0.423540 -1.438595 -0.412853 1.459079 -1.889258 0.159820 -0.469051 1.285922 -0.197929 -1.068346 1.656260
0.135322 0.448421 -1.447968 -0.451732 1.496289 -1.977014 0.159267 -0.452220 1.279561 -0.194166 -1.078989 1.583606
0.134357 0.451891 -1.449309 -0.456942 1.500699 -1.988144 0.159199 -0.450093 1.278754 -0.193698 -1.079721 1.573587
0.124299 0.492571 -1.465423 -0.512810 1.534885 -2.095888 0.158552 -0.428012 1.270481 -0.189127 -1.076509 1.467387
0.123198 0.497516 -1.467409 -0.518906 1.536798 -2.106250 0.158486 -0.425590 1.269599 -0.188678 -1.074990 1.456280
0.122096 0.502461 -1.469395 -0.525001 1.538712 -2.116611 0.158419 -0.423168 1.268717 -0.188229 -1.073471 1.445173
0.120480 0.509854 -1.472367 -0.533834 1.540882 -2.131254 0.158321 -0.419613 1.267436 -0.187605 -1.070999 1.429148
0.097273 0.628266 -1.518577 -0.625427 1.490094 -2.260355 0.157072 -0.371048 1.251253 -0.181216 -1.019847 1.264179
0.091247 0.665504 -1.531959 -0.633123 1.446744 -2.268712 0.156784 -0.359175 1.247626 -0.179842 -1.006088 1.246433
0.086265 0.702494 -1.544837 -0.634234 1.395570 -2.267972 0.156533 -0.348918 1.244675 -0.179189 -0.996423 1.236990
0.081913 0.738114 -1.556902 -0.631021 1.340694 -2.260029 0.156328 -0.340449 1.242444 -0.179122 -0.990627 1.232343
0.077365 0.778486 -1.570277 -0.623657 1.273871 -2.243587 0.156135 -0.332504 1.240653 -0.179581 -0.987088 1.229132
0.073284 0.818500 -1.583355 -0.613611 1.204921 -2.221029 0.155987 -0.326220 1.239607 -0.180392 -0.985608 1.227697
0.069927 0.855707 -1.595452 -0.602360 1.139755 -2.195091 0.155890 -0.321832 1.239319 -0.181312 -0.985313 1.228413
0.066910 0.894708 -1.608164 -0.589082 1.071651 -2.163480 0.155836 -0.318746 1.239749 -0.182326 -0.985416 1.231381
0.064408 0.934901 -1.621404 -0.574218 1.002824 -2.126666 0.155839 -0.317239 1.241017 -0.183318 -0.985270 1.237030
0.062757 0.970699 -1.633404 -0.560750 0.942762 -2.090262 0.155928 -0.317393 1.243084 -0.184080 -0.984366 1.244456
0.062244 0.986435 -1.638777 -0.554908 0.916726 -2.073055 0.156016 -0.318316 1.244792 -0.184357 -0.983550 1.248598
0.061537 1.044043 -1.659087 -0.533685 0.823819 -2.005233 0.156745 -0.329730 1.259779 -0.185024 -0.977559 1.268562
0.061955 1.072685 -1.669662 -0.523121 0.779327 -1.969088 0.157459 -0.342244 1.275010 -0.185142 -0.972291 1.281667
