# Joint angles matrix: 145 frames, 12 joints per frame + timestamp
# Order: fr[gamma,alpha,beta] fl[gamma,alpha,beta] hr[gamma,alpha,beta] hl[gamma,alpha,beta] timestamp
0.061976 1.073470 -1.669958 -0.522830 0.778129 -1.968074 0.157484 -0.342689 1.275545 -0.185143 -0.972116 1.282067 1740769455.293318
0.062647 1.092613 -1.677286 -0.515703 0.749282 -1.943043 0.158198 -0.355298 1.290739 -0.185136 -0.967293 1.292451 1740769455.294094
0.063547 1.110418 -1.684171 -0.509003 0.723135 -1.919292 0.158993 -0.369579 1.308501 -0.185088 -0.961793 1.303167 1740769455.294668
0.064813 1.129268 -1.691417 -0.501812 0.696261 -1.893731 0.159965 -0.387153 1.330826 -0.185018 -0.954740 1.315468 1740769455.303835
0.066295 1.146680 -1.697994 -0.495053 0.672254 -1.869804 0.161004 -0.405693 1.354395 -0.184956 -0.946925 1.327555 1740769455.314506
0.068218 1.164556 -1.704537 -0.487908 0.648505 -1.844983 0.162232 -0.427108 1.381216 -0.184908 -0.937363 1.340518 1740769455.325144
0.070994 1.180349 -1.710076 -0.480677 0.628327 -1.822914 0.163533 -0.448239 1.406892 -0.184761 -0.927185 1.352312 1740769455.336373
0.076333 1.200258 -1.716574 -0.469914 0.603976 -1.794861 0.165479 -0.477910 1.441305 -0.184405 -0.911818 1.367338 1740769455.348656
0.082646 1.217498 -1.721575 -0.459047 0.583872 -1.770267 0.167399 -0.506260 1.472172 -0.183970 -0.896163 1.380122 1740769455.364503
0.091525 1.236542 -1.726170 -0.445310 0.562626 -1.742557 0.169737 -0.540386 1.506809 -0.183371 -0.876196 1.393493 1740769455.373808
0.099357 1.250326 -1.728709 -0.434198 0.547667 -1.721872 0.171620 -0.567099 1.532777 -0.182856 -0.859782 1.402346 1740769455.384389
0.108975 1.264803 -1.730440 -0.421390 0.532253 -1.699375 0.173797 -0.597034 1.560991 -0.182228 -0.840590 1.410455 1740769455.396259
0.120108 1.279220 -1.730928 -0.407377 0.517119 -1.675945 0.176196 -0.628815 1.590151 -0.181488 -0.819274 1.416760 1740769455.408001
0.131942 1.292522 -1.730173 -0.393197 0.503234 -1.653114 0.178656 -0.659982 1.618157 -0.180678 -0.797403 1.420783 1740769455.420451
0.142867 1.303358 -1.728685 -0.380626 0.491875 -1.633362 0.180877 -0.686786 1.641912 -0.179912 -0.777783 1.422777 1740769455.432241
0.153933 1.313185 -1.726577 -0.368310 0.481444 -1.614282 0.183100 -0.712277 1.664334 -0.179120 -0.758366 1.423485 1740769455.438095
0.167178 1.323679 -1.723427 -0.354028 0.470060 -1.592283 0.185758 -0.740861 1.689395 -0.178153 -0.735618 1.422940 1740769455.453692
0.179286 1.332234 -1.720061 -0.341332 0.460556 -1.572418 0.188241 -0.765691 1.710886 -0.177254 -0.715209 1.421351 1740769455.457768
0.191034 1.339706 -1.716424 -0.329296 0.452002 -1.553245 0.190703 -0.788911 1.730638 -0.176375 -0.695689 1.418971 1740769455.477400
0.210773 1.350630 -1.709617 -0.309634 0.438683 -1.521338 0.194941 -0.826368 1.761755 -0.174895 -0.663347 1.413399 1740769455.493735
0.228849 1.359011 -1.702714 -0.292174 0.427117 -1.492480 0.198922 -0.859359 1.788326 -0.173568 -0.634272 1.406792 1740769455.503574
0.239680 1.363330 -1.698285 -0.281935 0.420201 -1.475322 0.201352 -0.878701 1.803492 -0.172782 -0.617161 1.402198 1740769455.517797
0.254953 1.368521 -1.691648 -0.267758 0.409999 -1.451166 0.204845 -0.905668 1.824037 -0.171655 -0.593207 1.394909 1740769455.528640
0.264484 1.371284 -1.687214 -0.259085 0.403070 -1.435810 0.207082 -0.922550 1.836469 -0.170923 -0.578137 1.389811 1740769455.556846
0.277176 1.374696 -1.680850 -0.247975 0.393409 -1.414619 0.210146 -0.945405 1.852591 -0.169887 -0.557597 1.382211 1740769455.562046
0.287593 1.377140 -1.675299 -0.239513 0.385647 -1.397450 0.212639 -0.964100 1.864854 -0.168989 -0.540598 1.375324 1740769455.572223
0.293271 1.378229 -1.672227 -0.235331 0.381775 -1.388663 0.213934 -0.973965 1.870866 -0.168492 -0.531529 1.371406 1740769455.584244
0.296888 1.378771 -1.670308 -0.232918 0.379568 -1.383481 0.214735 -0.979995 1.874496 -0.168182 -0.525983 1.368917 1740769455.600769
0.303737 1.379207 -1.667059 -0.229251 0.376432 -1.375291 0.216128 -0.990120 1.880675 -0.167656 -0.516748 1.364588 1740769455.618118
0.306124 1.391688 -1.685481 -0.229621 0.382276 -1.380544 0.216156 -1.002188 1.878204 -0.167825 -0.508905 1.366569 1740769455.629038
0.306991 1.393901 -1.688266 -0.229450 0.383337 -1.381709 0.216161 -1.003759 1.877907 -0.167870 -0.508141 1.367035 1740769455.639617
0.314992 1.413970 -1.715756 -0.227461 0.393810 -1.392499 0.216043 -1.018537 1.873687 -0.168244 -0.501659 1.370874 1740769455.650214
0.320844 1.427806 -1.741546 -0.225655 0.402078 -1.400339 0.215696 -1.029519 1.868423 -0.168472 -0.497473 1.373259 1740769455.661327
0.326440 1.439695 -1.768432 -0.223873 0.409776 -1.407237 0.215173 -1.039364 1.861890 -0.168650 -0.494053 1.375142 1740769455.672050
0.334306 1.453959 -1.803342 -0.221539 0.419513 -1.415503 0.214272 -1.051426 1.851370 -0.168837 -0.490208 1.377184 1740769455.689850
0.342303 1.466135 -1.833429 -0.219418 0.428175 -1.422486 0.213294 -1.061889 1.839917 -0.168976 -0.487131 1.378755 1740769455.693983
0.352124 1.478832 -1.864797 -0.217059 0.437706 -1.429811 0.212071 -1.072958 1.825221 -0.169105 -0.484038 1.380271 1740769455.705806
0.364870 1.492900 -1.902672 -0.214145 0.449407 -1.438338 0.210419 -1.085131 1.805162 -0.169234 -0.480574 1.381888 1740769455.715636
0.377693 1.505120 -1.938434 -0.211321 0.460734 -1.446147 0.208794 -1.095573 1.784315 -0.169335 -0.477503 1.383243 1740769455.725934
0.392645 1.517520 -1.977623 -0.208117 0.473630 -1.454541 0.207025 -1.106033 1.759502 -0.169425 -0.474281 1.384579 1740769455.738377
0.406470 1.527514 -2.011719 -0.205207 0.485419 -1.461785 0.205544 -1.114386 1.736225 -0.169487 -0.471549 1.385637 1740769455.748291
0.423280 1.537947 -2.050639 -0.201703 0.499764 -1.470107 0.203953 -1.123107 1.707552 -0.169539 -0.468449 1.386745 1740769455.759418
0.439684 1.546327 -2.086095 -0.198277 0.513971 -1.477862 0.202614 -1.130262 1.679121 -0.169571 -0.465585 1.387676 1740769455.770542
0.455237 1.552484 -2.117482 -0.194980 0.527845 -1.485014 0.201516 -1.135867 1.651603 -0.169583 -0.462955 1.388444 1740769455.783446
0.472669 1.557043 -2.150571 -0.191167 0.544158 -1.492930 0.200443 -1.140732 1.619848 -0.169577 -0.460044 1.389190 1740769455.793792
0.490601 1.558603 -2.182918 -0.187035 0.562203 -1.501113 0.199443 -1.143931 1.585785 -0.169548 -0.457021 1.389839 1740769455.808422
0.504331 1.556930 -2.206723 -0.183646 0.577325 -1.507536 0.198671 -1.144819 1.558315 -0.169507 -0.454625 1.390255 1740769455.812317
0.516901 1.552379 -2.227914 -0.180275 0.592679 -1.513677 0.197895 -1.144074 1.531596 -0.169452 -0.452306 1.390566 1740769455.827337
0.528600 1.545107 -2.247182 -0.176781 0.608963 -1.519792 0.197296 -1.142156 1.504904 -0.169379 -0.449959 1.390784 1740769455.838839
0.539649 1.534345 -2.264749 -0.173008 0.627010 -1.526111 0.196891 -1.139061 1.477558 -0.169282 -0.447477 1.390900 1740769455.848417
0.549382 1.519646 -2.279260 -0.169073 0.646418 -1.532395 0.196654 -1.134834 1.451005 -0.169161 -0.444935 1.390888 1740769455.866806
0.555966 1.504875 -2.288252 -0.165916 0.662792 -1.537300 0.196540 -1.130701 1.431066 -0.169047 -0.442883 1.390773 1740769455.870523
0.562338 1.484129 -2.296586 -0.162482 0.683111 -1.542905 0.196422 -1.125019 1.409628 -0.168892 -0.440440 1.390507 1740769455.882394
0.566632 1.462628 -2.301846 -0.159746 0.702027 -1.547670 0.196265 -1.119305 1.393104 -0.168734 -0.438256 1.390139 1740769455.895880
0.569943 1.433343 -2.305320 -0.156927 0.725452 -1.552996 0.195922 -1.111833 1.377456 -0.168522 -0.435653 1.389531 1740769455.907427
0.571083 1.409340 -2.305881 -0.155182 0.743224 -1.556625 0.195558 -1.105950 1.368494 -0.168351 -0.433744 1.388958 1740769455.917563
0.571108 1.383436 -2.304735 -0.153737 0.761341 -1.559970 0.195132 -1.099839 1.361188 -0.168166 -0.431849 1.388276 1740769455.928965
0.569914 1.354034 -2.301658 -0.152540 0.780872 -1.563179 0.194637 -1.093224 1.354999 -0.167957 -0.429853 1.387428 1740769455.939699
0.567469 1.322861 -2.296689 -0.151701 0.800649 -1.566016 0.194133 -1.086615 1.350131 -0.167736 -0.427877 1.386451 1740769455.952251
0.563991 1.291799 -2.290244 -0.151240 0.819610 -1.568342 0.193681 -1.080489 1.346437 -0.167514 -0.426017 1.385400 1740769455.961965
0.559376 1.259466 -2.282137 -0.151116 0.838718 -1.570295 0.193293 -1.074651 1.343347 -0.167283 -0.424170 1.384222 1740769455.976050
0.553465 1.225298 -2.272158 -0.151343 0.858357 -1.571887 0.193003 -1.069151 1.340479 -0.167036 -0.422295 1.382882 1740769455.981594
0.546808 1.192489 -2.261295 -0.151889 0.876790 -1.572988 0.192822 -1.064468 1.337987 -0.166797 -0.420548 1.381497 1740769455.998108
0.539728 1.161917 -2.250084 -0.152679 0.893664 -1.573646 0.192605 -1.060205 1.336490 -0.166573 -0.418956 1.380116 1740769456.014238
0.526869 1.114151 -2.230494 -0.154456 0.919589 -1.573981 0.192146 -1.053488 1.335704 -0.166217 -0.416511 1.377762 1740769456.037715
0.510130 1.061771 -2.205889 -0.157183 0.947534 -1.573189 0.191476 -1.045771 1.336793 -0.165821 -0.413858 1.374878 1740769456.038766
0.498670 1.028923 -2.188378 -0.159285 0.964687 -1.571677 0.190975 -1.040665 1.338395 -0.165574 -0.412220 1.372917 1740769456.051959
0.486394 0.995415 -2.168860 -0.161748 0.981842 -1.569347 0.190406 -1.035153 1.340666 -0.165325 -0.410563 1.370791 1740769456.063068
0.476526 0.969443 -2.152614 -0.163887 0.994880 -1.567040 0.189927 -1.030612 1.342822 -0.165135 -0.409285 1.369049 1740769456.074122
0.460875 0.929929 -2.125951 -0.167530 1.014532 -1.562755 0.189134 -1.023102 1.346704 -0.164779 -0.407517 1.365779 1740769456.085896
0.449048 0.901383 -2.105156 -0.170456 1.028719 -1.559112 0.188514 -1.017105 1.349922 -0.164466 -0.406627 1.363102 1740769456.098823
0.434119 0.866616 -2.078086 -0.174375 1.045893 -1.554121 0.187706 -1.009003 1.354238 -0.164096 -0.406282 1.360347 1740769456.108764
0.420474 0.835891 -2.052571 -0.178166 1.060891 -1.549261 0.186943 -1.000963 1.358345 -0.163848 -0.406947 1.359216 1740769456.122032
0.406532 0.805739 -2.026104 -0.182114 1.075486 -1.544148 0.186150 -0.992120 1.362564 -0.163751 -0.408808 1.360223 1740769456.131925
0.394824 0.781233 -2.003568 -0.185505 1.087268 -1.539794 0.185472 -0.984114 1.366065 -0.163835 -0.411457 1.363310 1740769456.142518
0.381217 0.753470 -1.976948 -0.189571 1.100523 -1.534703 0.184663 -0.974011 1.370030 -0.164180 -0.416020 1.370179 1740769456.153562
0.369226 0.729457 -1.953022 -0.193307 1.111899 -1.530223 0.183923 -0.964251 1.373380 -0.164740 -0.421624 1.379570 1740769456.165382
0.357163 0.705544 -1.928400 -0.197254 1.123130 -1.525750 0.183144 -0.953448 1.376557 -0.165536 -0.429068 1.391933 1740769456.174309
0.344145 0.679764 -1.901031 -0.201791 1.135102 -1.520992 0.182246 -0.940415 1.379689 -0.166670 -0.439612 1.408609 1740769456.187310
0.332118 0.655687 -1.874767 -0.206324 1.146119 -1.516694 0.181341 -0.926762 1.382214 -0.167998 -0.452289 1.427280 1740769456.197378
0.321027 0.633125 -1.849449 -0.210791 1.156342 -1.512873 0.180409 -0.912587 1.384100 -0.169472 -0.466356 1.447449 1740769456.209272
0.310999 0.612295 -1.825337 -0.215069 1.165732 -1.509593 0.179473 -0.898310 1.385307 -0.171028 -0.480894 1.468320 1740769456.219950
0.301895 0.592762 -1.802054 -0.219215 1.174478 -1.506810 0.178534 -0.883856 1.385847 -0.172663 -0.495978 1.489762 1740769456.230505
0.292131 0.570744 -1.775008 -0.224038 1.184247 -1.504115 0.177414 -0.866312 1.385609 -0.174716 -0.514764 1.515922 1740769456.243419
0.283955 0.551673 -1.751125 -0.228294 1.192522 -1.502279 0.176407 -0.850207 1.384645 -0.176650 -0.532457 1.539830 1740769456.248155
0.275201 0.530967 -1.724725 -0.232984 1.201287 -1.500918 0.175285 -0.831807 1.382836 -0.178904 -0.553178 1.566769 1740769456.263666
0.267156 0.511832 -1.699718 -0.237400 1.209219 -1.500356 0.174221 -0.813869 1.380459 -0.181126 -0.573882 1.592410 1740769456.274500
0.260000 0.494878 -1.676898 -0.241400 1.216153 -1.500521 0.173255 -0.797119 1.377770 -0.183212 -0.593652 1.615660 1740769456.284711
0.252999 0.478498 -1.654055 -0.245385 1.222867 -1.501281 0.172300 -0.780040 1.374620 -0.185388 -0.614298 1.639018 1740769456.295786
0.245924 0.462327 -1.630473 -0.249490 1.229612 -1.502673 0.171330 -0.762129 1.370931 -0.187731 -0.636507 1.663156 1740769456.307077
0.239429 0.447995 -1.608397 -0.253335 1.235806 -1.504548 0.170440 -0.745148 1.367108 -0.190010 -0.658111 1.685630 1740769456.318123
0.232907 0.434329 -1.585791 -0.257274 1.242061 -1.507048 0.169555 -0.727645 1.362878 -0.192410 -0.680967 1.708286 1740769456.327929
0.226633 0.422170 -1.563569 -0.261142 1.248147 -1.510077 0.168718 -0.710474 1.358469 -0.194806 -0.703994 1.729901 1740769456.338416
0.220344 0.410997 -1.541045 -0.265153 1.254435 -1.513818 0.167891 -0.692833 1.353707 -0.197299 -0.728321 1.751339 1740769456.351387
0.214754 0.401929 -1.521030 -0.268897 1.260315 -1.517853 0.167164 -0.676668 1.349160 -0.199592 -0.751251 1.770145 1740769456.360510
0.209619 0.394253 -1.502836 -0.272576 1.266042 -1.522291 0.166500 -0.661279 1.344689 -0.201762 -0.773694 1.787131 1740769456.371640
0.204611 0.387179 -1.485480 -0.276520 1.271938 -1.527485 0.165854 -0.645616 1.340016 -0.203929 -0.797214 1.803282 1740769456.382709
0.200129 0.381137 -1.470545 -0.280457 1.277658 -1.533082 0.165280 -0.630919 1.335541 -0.205890 -0.819983 1.817127 1740769456.392699
0.195843 0.375496 -1.457099 -0.284744 1.283799 -1.539592 0.164734 -0.616070 1.330955 -0.207751 -0.843783 1.829453 1740769456.412204
0.191872 0.370988 -1.446482 -0.289092 1.290331 -1.545681 0.164246 -0.602132 1.326675 -0.209304 -0.866691 1.838904 1740769456.415942
0.188144 0.368086 -1.438794 -0.293256 1.297005 -1.551355 0.163819 -0.589598 1.322969 -0.210452 -0.887404 1.845015 1740769456.428537
0.184403 0.366377 -1.432959 -0.297486 1.303971 -1.558922 0.163419 -0.577532 1.319618 -0.211261 -0.907268 1.848229 1740769456.449887
0.180610 0.365812 -1.428680 -0.301806 1.311158 -1.570518 0.163043 -0.565793 1.316645 -0.211697 -0.926353 1.848261 1740769456.450855
0.176889 0.366366 -1.425849 -0.306479 1.318865 -1.585705 0.162691 -0.554726 1.313820 -0.211650 -0.944510 1.844577 1740769456.456749
0.173193 0.367989 -1.424188 -0.312012 1.327796 -1.604166 0.162350 -0.544142 1.310945 -0.211143 -0.962088 1.837196 1740769456.470503
0.169702 0.370514 -1.423533 -0.318387 1.337855 -1.624947 0.162035 -0.534483 1.308172 -0.210296 -0.978133 1.826945 1740769456.481740
0.165729 0.374590 -1.423710 -0.327365 1.351676 -1.653138 0.161683 -0.523861 1.304958 -0.208968 -0.995563 1.811563 1740769456.494433
0.161855 0.379854 -1.424635 -0.337628 1.366837 -1.686854 0.161348 -0.513892 1.301788 -0.207387 -1.011465 1.793009 1740769456.522958
0.158081 0.386185 -1.426182 -0.349207 1.383136 -1.724151 0.161029 -0.504502 1.298669 -0.205649 -1.025784 1.771730 1740769456.524033
0.154348 0.393585 -1.428313 -0.362396 1.400694 -1.763004 0.160720 -0.495485 1.295562 -0.203806 -1.038677 1.747728 1740769456.527456
0.150718 0.401851 -1.430944 -0.376872 1.418803 -1.801129 0.160427 -0.486932 1.292523 -0.201949 -1.049879 1.721684 1740769456.551803
0.145352 0.415980 -1.435816 -0.400685 1.446440 -1.860664 0.160006 -0.474599 1.288005 -0.199177 -1.063721 1.678546 1740769456.556168
0.139764 0.433076 -1.442100 -0.428202 1.475021 -1.925326 0.159585 -0.462052 1.283294 -0.196355 -1.074181 1.628148 1740769456.574533
0.135041 0.449391 -1.448339 -0.453219 1.497634 -1.980282 0.159247 -0.451598 1.279325 -0.194028 -1.079293 1.580790 1740769456.585091
0.134336 0.451967 -1.449339 -0.457056 1.500792 -1.988384 0.159198 -0.450047 1.278737 -0.193688 -1.079734 1.573367 1740769456.605234
0.128971 0.472782 -1.457528 -0.486802 1.522041 -2.048196 0.158841 -0.438265 1.274284 -0.191207 -1.080296 1.515881 1740769456.606189
0.124507 0.491639 -1.465049 -0.511662 1.534524 -2.093936 0.158565 -0.428468 1.270647 -0.189212 -1.076795 1.469479 1740769456.621011
0.121020 0.507290 -1.471335 -0.530954 1.540581 -2.126730 0.158354 -0.420803 1.267856 -0.187791 -1.071988 1.434326 1740769456.684861
0.115701 0.532548 -1.481506 -0.559326 1.543547 -2.171296 0.158033 -0.409085 1.263715 -0.185960 -1.062243 1.383322 1740769456.689523
0.110931 0.556369 -1.491039 -0.582424 1.539440 -2.204768 0.157757 -0.398577 1.260169 -0.184593 -1.051844 1.342260 1740769456.690469
0.107513 0.573934 -1.497979 -0.596870 1.532416 -2.224504 0.157572 -0.391269 1.257753 -0.183717 -1.043873 1.316633 1740769456.693900
0.102171 0.601891 -1.508777 -0.614814 1.514519 -2.247642 0.157301 -0.380421 1.254224 -0.182417 -1.031203 1.284402 1740769456.694881
0.098446 0.621602 -1.516144 -0.623423 1.497076 -2.258034 0.157127 -0.373304 1.251957 -0.181505 -1.022574 1.268231 1740769456.701466
0.095269 0.639654 -1.522735 -0.628852 1.478163 -2.264321 0.156978 -0.367193 1.250050 -0.180721 -1.015187 1.257255 1740769456.712415
0.092199 0.658868 -1.529623 -0.632535 1.455438 -2.268273 0.156831 -0.361119 1.248200 -0.180015 -1.008132 1.248564 1740769456.721889
0.089153 0.680099 -1.537098 -0.634416 1.427622 -2.269678 0.156680 -0.354901 1.246365 -0.179461 -1.001594 1.241745 1740769456.734025
0.086748 0.698621 -1.543515 -0.634462 1.401375 -2.268607 0.156557 -0.349886 1.244939 -0.179212 -0.997153 1.237599 1740769456.743663
0.084368 0.717697 -1.550027 -0.633339 1.372779 -2.265477 0.156441 -0.345117 1.243641 -0.179100 -0.993558 1.234600 1740769456.754468
0.081853 0.738616 -1.557071 -0.630964 1.339905 -2.259895 0.156325 -0.340334 1.242415 -0.179123 -0.990555 1.232288 1740769456.766315
0.079394 0.759966 -1.564175 -0.627482 1.305035 -2.252088 0.156218 -0.335921 1.241372 -0.179301 -0.988354 1.230474 1740769456.776631
0.076945 0.782321 -1.571541 -0.622865 1.267419 -2.241827 0.156118 -0.331796 1.240504 -0.179639 -0.986826 1.228854 1740769456.788187
0.074830 0.802703 -1.578209 -0.617916 1.232407 -2.230767 0.156039 -0.328473 1.239913 -0.180037 -0.985969 1.227948 1740769456.798683
0.072825 0.823195 -1.584884 -0.612331 1.196753 -2.218135 0.155971 -0.325551 1.239516 -0.180498 -0.985501 1.227622 1740769456.808666
0.070935 0.843834 -1.591593 -0.606170 1.160589 -2.203987 0.155915 -0.323034 1.239315 -0.181006 -0.985315 1.227897 1740769456.819812
0.069213 0.864123 -1.598188 -0.599660 1.124988 -2.188785 0.155873 -0.320980 1.239321 -0.181529 -0.985312 1.228778 1740769456.831331
0.067589 0.885012 -1.604992 -0.592550 1.088462 -2.171879 0.155843 -0.319308 1.239542 -0.182076 -0.985389 1.230336 1740769456.842202
0.066129 0.905853 -1.611810 -0.585096 1.052329 -2.153827 0.155829 -0.318099 1.239988 -0.182614 -0.985448 1.232582 1740769456.851929
0.064944 0.924924 -1.618090 -0.578002 1.019678 -2.136338 0.155829 -0.317406 1.240603 -0.183087 -0.985397 1.235271 1740769456.861292
0.063817 0.945915 -1.625062 -0.570040 0.984217 -2.115988 0.155850 -0.317055 1.241474 -0.183573 -0.985130 1.238972 1740769456.873094
0.062824 0.968650 -1.632705 -0.561511 0.946151 -2.092502 0.155916 -0.317273 1.242862 -0.184044 -0.984472 1.243917 1740769456.884449
0.062098 0.990918 -1.640307 -0.553243 0.909309 -2.068153 0.156041 -0.318579 1.245278 -0.184436 -0.983318 1.249778 1740769456.912997
0.061655 1.012254 -1.647722 -0.545374 0.874506 -2.043675 0.156239 -0.321350 1.249200 -0.184736 -0.981609 1.256427 1740769456.913971
0.061482 1.032944 -1.655060 -0.537767 0.841304 -2.018958 0.156526 -0.325961 1.255128 -0.184951 -0.979257 1.263931 1740769456.917106
0.061581 1.053092 -1.662371 -0.530357 0.809564 -1.994044 0.156924 -0.332802 1.263570 -0.185084 -0.976174 1.272337 1740769456.935836
0.061955 1.072685 -1.669662 -0.523121 0.779327 -1.969088 0.157459 -0.342244 1.275010 -0.185142 -0.972291 1.281667 1740769456.947598
