0.303721 1.379208 -1.667065 -0.229257 0.376438 -1.375307 0.216125 -0.990100 1.880662 -0.167657 -0.516767 1.364597
0.370719 1.498438 -1.918934 -0.212858 0.454569 -1.441886 0.209681 -1.089862 1.795644 -0.169280 -0.479179 1.382502
0.376561 1.503794 -1.934945 -0.211583 0.459690 -1.445361 0.208953 -1.094421 1.786087 -0.169322 -0.477823 1.383090
0.382402 1.509150 -1.950955 -0.210307 0.464810 -1.448837 0.208225 -1.098981 1.776530 -0.169365 -0.476466 1.383679
0.489932 1.558290 -2.181622 -0.187170 0.561646 -1.500821 0.199481 -1.143672 1.586934 -0.169548 -0.457127 1.389808
0.517802 1.551514 -2.229354 -0.179970 0.594134 -1.514188 0.197863 -1.143798 1.529350 -0.169444 -0.452106 1.390575
0.537559 1.536199 -2.261390 -0.173701 0.623716 -1.524940 0.196970 -1.139598 1.482653 -0.169299 -0.447934 1.390874
0.553878 1.509465 -2.285411 -0.166918 0.657667 -1.535756 0.196574 -1.131987 1.437369 -0.169083 -0.443527 1.390807
0.564409 1.474293 -2.299146 -0.161192 0.691862 -1.545133 0.196355 -1.122393 1.401787 -0.168819 -0.439425 1.390343
0.569887 1.431767 -2.305166 -0.156859 0.726500 -1.553174 0.195891 -1.111466 1.377189 -0.168512 -0.435547 1.389487
0.570983 1.384941 -2.304622 -0.153866 0.760185 -1.559715 0.195156 -1.100227 1.361821 -0.168177 -0.431974 1.388308
0.568563 1.336281 -2.298889 -0.152047 0.792166 -1.564815 0.194347 -1.089441 1.352179 -0.167831 -0.428723 1.386875
0.560260 1.265480 -2.283682 -0.151130 0.835180 -1.569944 0.193364 -1.075724 1.343899 -0.167326 -0.424512 1.384443
0.551957 1.218124 -2.269715 -0.151480 0.862365 -1.572105 0.192972 -1.068170 1.339929 -0.166984 -0.421916 1.382574
0.537321 1.152680 -2.246384 -0.152999 0.898693 -1.573741 0.192521 -1.058913 1.336277 -0.166504 -0.418482 1.379669
0.522118 1.098539 -2.223503 -0.155194 0.927969 -1.573892 0.191962 -1.051233 1.335848 -0.166100 -0.415717 1.376933
0.501447 1.036840 -2.192640 -0.158770 0.960562 -1.572063 0.191098 -1.041903 1.337992 -0.165633 -0.412614 1.373392
0.480082 0.978873 -2.158425 -0.163129 0.990127 -1.567840 0.190098 -1.032236 1.342068 -0.165204 -0.409750 1.369670
0.463500 0.936443 -2.130477 -0.166905 1.011291 -1.563510 0.189269 -1.024386 1.346028 -0.164844 -0.407782 1.366366
0.433420 0.865023 -2.076789 -0.174567 1.046674 -1.553877 0.187666 -1.008601 1.354447 -0.164081 -0.406299 1.360261
0.409275 0.811614 -2.031332 -0.181333 1.072648 -1.545160 0.186307 -0.993896 1.361735 -0.163761 -0.408374 1.359891
0.388873 0.769097 -1.991919 -0.187285 1.093061 -1.537567 0.185117 -0.979687 1.367798 -0.163988 -0.413469 1.366349
0.361930 0.714992 -1.938133 -0.195693 1.118693 -1.527517 0.183452 -0.957722 1.375302 -0.165220 -0.426115 1.387030
0.339101 0.669683 -1.890053 -0.203680 1.139721 -1.519186 0.181869 -0.934745 1.380761 -0.167218 -0.444827 1.416339
0.320299 0.631542 -1.847511 -0.211139 1.157049 -1.512661 0.180328 -0.911332 1.384111 -0.169618 -0.467683 1.449349
0.299891 0.588310 -1.796630 -0.220182 1.176460 -1.506239 0.178310 -0.880378 1.385849 -0.173066 -0.499676 1.494945
0.283698 0.551052 -1.750323 -0.228437 1.192778 -1.502256 0.176372 -0.849630 1.384568 -0.176723 -0.533119 1.540670
0.273237 0.526297 -1.718618 -0.234063 1.203223 -1.500783 0.175025 -0.827424 1.382253 -0.179447 -0.558237 1.573031
0.268684 0.515468 -1.704476 -0.236560 1.207714 -1.500455 0.174423 -0.817286 1.380918 -0.180703 -0.569931 1.587532
0.243289 0.456551 -1.621491 -0.251056 1.232128 -1.503472 0.170969 -0.755209 1.369354 -0.188664 -0.645347 1.672286
0.231645 0.431834 -1.581333 -0.258047 1.243279 -1.507626 0.169386 -0.724207 1.362006 -0.192888 -0.685547 1.712647
0.219762 0.410075 -1.538957 -0.265545 1.255051 -1.514253 0.167816 -0.691142 1.353226 -0.197539 -0.730734 1.753292
0.208100 0.392086 -1.497537 -0.273746 1.267805 -1.523805 0.166304 -0.656573 1.343291 -0.202417 -0.780715 1.792066
0.200253 0.381318 -1.471027 -0.280391 1.277554 -1.533023 0.165296 -0.631259 1.335638 -0.205835 -0.819524 1.816669
0.193096 0.372313 -1.449638 -0.287745 1.288281 -1.543865 0.164395 -0.606405 1.327982 -0.208838 -0.859656 1.836111
0.186691 0.367325 -1.436386 -0.294896 1.299699 -1.554026 0.163661 -0.584871 1.321634 -0.210797 -0.895203 1.846521
0.179005 0.365948 -1.427343 -0.303749 1.314377 -1.576759 0.162891 -0.560982 1.315435 -0.211723 -0.934217 1.847034
0.172029 0.368849 -1.423989 -0.314151 1.331171 -1.611153 0.162245 -0.540927 1.310018 -0.210853 -0.967433 1.833713
0.165718 0.374736 -1.423785 -0.327532 1.351860 -1.653904 0.161683 -0.523874 1.304947 -0.208936 -0.995491 1.811157
0.158793 0.384987 -1.425888 -0.347023 1.380050 -1.717019 0.161090 -0.506274 1.299259 -0.205980 -1.023076 1.775758
0.152074 0.398725 -1.429942 -0.371419 1.412019 -1.786777 0.160537 -0.490122 1.293659 -0.202643 -1.045745 1.731508
0.144533 0.418419 -1.436703 -0.404652 1.450675 -1.870120 0.159944 -0.472754 1.287315 -0.198760 -1.065382 1.671305
0.137816 0.439735 -1.444638 -0.438468 1.484448 -1.948035 0.159445 -0.457736 1.281656 -0.195393 -1.076445 1.608806
0.132979 0.457052 -1.451325 -0.464516 1.506636 -2.003851 0.159105 -0.447062 1.277604 -0.193044 -1.080311 1.558889
0.125019 0.489458 -1.464178 -0.508816 1.533174 -2.088755 0.158596 -0.429593 1.271064 -0.189449 -1.077269 1.474728
0.118627 0.518527 -1.475860 -0.543853 1.542516 -2.147318 0.158209 -0.415535 1.265981 -0.186937 -1.067805 1.411074
0.112157 0.550197 -1.488575 -0.576653 1.540856 -2.196532 0.157827 -0.401267 1.261071 -0.184933 -1.054575 1.352504
0.105474 0.584585 -1.502116 -0.604104 1.526089 -2.233924 0.157467 -0.387081 1.256386 -0.183219 -1.039025 1.303699
0.100113 0.612852 -1.512875 -0.619623 1.504834 -2.253464 0.157205 -0.376466 1.252964 -0.181913 -1.026416 1.275372
0.093427 0.651009 -1.526816 -0.631211 1.464959 -2.266897 0.156890 -0.363565 1.248940 -0.180289 -1.010936 1.251870
0.088411 0.685693 -1.539045 -0.634545 1.419843 -2.269536 0.156642 -0.353353 1.245919 -0.179369 -1.000151 1.240368
0.083583 0.724214 -1.552222 -0.632614 1.362556 -2.263771 0.156405 -0.343619 1.243256 -0.179105 -0.992611 1.233878
0.079383 0.760193 -1.564241 -0.627330 1.304533 -2.251755 0.156218 -0.335934 1.241388 -0.179321 -0.988423 1.230473
0.077086 0.781132 -1.571144 -0.623044 1.269359 -2.242215 0.156124 -0.332057 1.240569 -0.179629 -0.986954 1.228998
0.076031 0.791107 -1.574415 -0.620736 1.252328 -2.237073 0.156084 -0.330360 1.240247 -0.179811 -0.986455 1.228457
0.069419 0.864425 -1.598291 -0.598817 1.124434 -2.186398 0.155894 -0.321665 1.239666 -0.181572 -0.985574 1.229831
0.065264 0.919954 -1.616457 -0.579835 1.028223 -2.140835 0.155830 -0.317614 1.240457 -0.182961 -0.985399 1.234614
0.063133 0.961550 -1.630318 -0.564174 0.958039 -2.099845 0.155895 -0.317210 1.242437 -0.183896 -0.984676 1.242369
0.061897 1.000245 -1.643544 -0.549801 0.894079 -2.057484 0.156125 -0.319744 1.246943 -0.184569 -0.982589 1.252655
0.061485 1.036447 -1.656322 -0.536479 0.835756 -2.014666 0.156589 -0.327028 1.256455 -0.184977 -0.978761 1.265337
0.062062 1.075866 -1.670878 -0.521938 0.774524 -1.964932 0.157574 -0.344289 1.277467 -0.185141 -0.971506 1.283376
0.063153 1.102679 -1.681178 -0.511916 0.734493 -1.929622 0.158646 -0.363344 1.300732 -0.185110 -0.964195 1.298494
0.065776 1.140547 -1.695675 -0.497433 0.680716 -1.878232 0.160639 -0.399178 1.346104 -0.184978 -0.949665 1.323299
0.069550 1.172068 -1.707167 -0.484457 0.638915 -1.834484 0.162852 -0.437178 1.393431 -0.184838 -0.932504 1.346123
0.078409 1.206131 -1.718310 -0.466282 0.597084 -1.786499 0.166123 -0.487451 1.451787 -0.184262 -0.906592 1.371711
0.092754 1.238599 -1.726515 -0.443603 0.560411 -1.739443 0.170026 -0.544457 1.510724 -0.183291 -0.873663 1.394776
0.108068 1.263384 -1.730238 -0.422617 0.533765 -1.701551 0.173589 -0.594144 1.558252 -0.182286 -0.842419 1.409610
0.129300 1.289553 -1.730345 -0.396363 0.506328 -1.658205 0.178108 -0.653019 1.611906 -0.180859 -0.802287 1.419888
0.151363 1.310901 -1.727066 -0.371171 0.483866 -1.618710 0.182585 -0.706351 1.659125 -0.179303 -0.762876 1.423319
0.174701 1.329070 -1.721371 -0.346114 0.464089 -1.579934 0.187295 -0.756372 1.702850 -0.177595 -0.722910 1.422032
0.191369 1.339806 -1.716271 -0.328992 0.451833 -1.552719 0.190780 -0.789465 1.731057 -0.176350 -0.695165 1.418795
0.217372 1.353814 -1.707148 -0.303219 0.434432 -1.510775 0.196387 -0.838501 1.771596 -0.174407 -0.652667 1.411100
0.244480 1.365000 -1.696217 -0.277469 0.417027 -1.467732 0.202447 -0.887184 1.809983 -0.172429 -0.609630 1.399942
0.264170 1.371183 -1.687342 -0.259390 0.403284 -1.436288 0.207011 -0.922008 1.836042 -0.170945 -0.578615 1.389946
0.278964 1.375143 -1.679913 -0.246471 0.392046 -1.411625 0.210580 -0.948637 1.854782 -0.169735 -0.554674 1.381064
0.288658 1.377330 -1.674721 -0.238750 0.384941 -1.395834 0.212879 -0.965933 1.865952 -0.168895 -0.538910 1.374583
0.298305 1.378939 -1.669580 -0.232045 0.378785 -1.381580 0.215041 -0.982266 1.875861 -0.168064 -0.523898 1.367961
