0.069204 0.059030 -0.181141 0.159131 -0.037219 -0.141043 -0.181827 0.060265 -0.198021 -0.068622 -0.056355 -0.196281
0.058975 0.056572 -0.179243 0.168516 -0.041211 -0.149834 -0.179781 0.060252 -0.194745 -0.078403 -0.056670 -0.197891
0.054849 0.055367 -0.178282 0.172534 -0.043055 -0.153665 -0.177835 0.060192 -0.192334 -0.083593 -0.056823 -0.198792
0.051279 0.054228 -0.177316 0.176152 -0.044704 -0.157191 -0.175629 0.060128 -0.189618 -0.088804 -0.056985 -0.199723
0.047786 0.053002 -0.176199 0.179902 -0.046305 -0.160961 -0.172828 0.060055 -0.186260 -0.094726 -0.057173 -0.200825
0.044896 0.051858 -0.175080 0.183371 -0.047760 -0.164482 -0.169683 0.059974 -0.182827 -0.100561 -0.057358 -0.201936
0.042597 0.050808 -0.173979 0.186508 -0.049137 -0.167765 -0.166251 0.059887 -0.179522 -0.106223 -0.057538 -0.202994
0.040661 0.049755 -0.172795 0.189447 -0.050554 -0.171173 -0.162223 0.059777 -0.176044 -0.112203 -0.057724 -0.204070
0.039084 0.048719 -0.171535 0.191917 -0.051975 -0.174703 -0.157689 0.059646 -0.172490 -0.118336 -0.057913 -0.205100
0.037940 0.047796 -0.170305 0.193472 -0.053242 -0.178108 -0.153143 0.059506 -0.169323 -0.123947 -0.058084 -0.205957
0.037187 0.047046 -0.169210 0.194219 -0.054257 -0.180887 -0.149086 0.059374 -0.166882 -0.128521 -0.058219 -0.206586
0.036533 0.046112 -0.167792 0.194747 -0.055448 -0.183911 -0.143808 0.059205 -0.164247 -0.133934 -0.058377 -0.207235
0.036161 0.045241 -0.166425 0.195108 -0.056450 -0.185982 -0.138760 0.059047 -0.162425 -0.138488 -0.058504 -0.207691
0.035548 0.044332 -0.164854 0.195291 -0.057546 -0.187437 -0.133261 0.058889 -0.161270 -0.142913 -0.058631 -0.208015
0.035607 0.043635 -0.163259 0.195129 -0.058560 -0.188248 -0.128425 0.058765 -0.161044 -0.146447 -0.058743 -0.208147
0.036883 0.042892 -0.160961 0.194581 -0.059724 -0.188853 -0.122636 0.058649 -0.161728 -0.150066 -0.058867 -0.208200
0.038663 0.042018 -0.158084 0.193704 -0.060814 -0.189249 -0.116676 0.058568 -0.163174 -0.153115 -0.058977 -0.208235
0.041919 0.040668 -0.153263 0.192065 -0.062136 -0.189647 -0.108743 0.058485 -0.165765 -0.156493 -0.059105 -0.208269
0.045898 0.039154 -0.147574 0.189909 -0.063379 -0.190005 -0.100681 0.058400 -0.168812 -0.159425 -0.059220 -0.208292
0.049766 0.037457 -0.141480 0.187318 -0.064572 -0.190321 -0.092512 0.058296 -0.172112 -0.162080 -0.059328 -0.208302
0.054410 0.035622 -0.134484 0.184018 -0.065847 -0.190607 -0.083528 0.058148 -0.175905 -0.164787 -0.059439 -0.208297
0.059149 0.033962 -0.127909 0.180479 -0.067032 -0.190804 -0.075139 0.057961 -0.179671 -0.167221 -0.059539 -0.208269
0.064280 0.032320 -0.121556 0.176428 -0.068250 -0.190915 -0.066994 0.057746 -0.183577 -0.169681 -0.059639 -0.208208
0.069520 0.030640 -0.116225 0.172024 -0.069454 -0.190914 -0.060474 0.057550 -0.187219 -0.172100 -0.059736 -0.208106
0.074730 0.028958 -0.111899 0.167344 -0.070653 -0.190789 -0.055255 0.057325 -0.190565 -0.174506 -0.059837 -0.207957
0.079519 0.027438 -0.108774 0.162719 -0.071788 -0.190552 -0.051561 0.057116 -0.193377 -0.176768 -0.059936 -0.207772
0.084879 0.025790 -0.106601 0.157129 -0.073122 -0.190139 -0.049125 0.056938 -0.196105 -0.179262 -0.060049 -0.207525
0.089706 0.024442 -0.106082 0.151792 -0.074351 -0.189640 -0.048699 0.056884 -0.198045 -0.181401 -0.060149 -0.207278
0.094529 0.023283 -0.106564 0.146459 -0.075417 -0.189038 -0.049171 0.056863 -0.199457 -0.183310 -0.060242 -0.207025
0.099680 0.022222 -0.107856 0.140875 -0.076377 -0.188284 -0.049848 0.056806 -0.200433 -0.185082 -0.060333 -0.206760
0.105449 0.021166 -0.110002 0.134789 -0.077342 -0.187301 -0.050430 0.056699 -0.201048 -0.186750 -0.060424 -0.206475
0.111338 0.020227 -0.112663 0.128787 -0.078238 -0.186150 -0.050696 0.056544 -0.201391 -0.188148 -0.060505 -0.206200
0.117226 0.019441 -0.115641 0.122995 -0.079044 -0.184854 -0.050797 0.056361 -0.201535 -0.189269 -0.060574 -0.205944
0.123567 0.018764 -0.119129 0.116943 -0.079808 -0.183292 -0.050967 0.056161 -0.201526 -0.190180 -0.060635 -0.205688
0.129729 0.018287 -0.122682 0.111217 -0.080454 -0.181603 -0.051340 0.055979 -0.201422 -0.190809 -0.060681 -0.205458
0.135457 0.017992 -0.126138 0.105980 -0.080967 -0.179863 -0.052004 0.055828 -0.201273 -0.191167 -0.060712 -0.205258
0.141896 0.017714 -0.130207 0.100199 -0.081431 -0.177707 -0.053283 0.055692 -0.201077 -0.191305 -0.060727 -0.205029
0.148301 0.017428 -0.134447 0.094583 -0.081752 -0.175349 -0.055355 0.055606 -0.200879 -0.190936 -0.060721 -0.204636
0.153809 0.017218 -0.138254 0.089841 -0.081896 -0.173127 -0.058018 0.055577 -0.200716 -0.189893 -0.060705 -0.203963
0.159619 0.017086 -0.142429 0.084918 -0.081901 -0.170568 -0.061961 0.055596 -0.200531 -0.187729 -0.060680 -0.202648
0.164696 0.017077 -0.146304 0.080584 -0.081741 -0.168114 -0.066767 0.055651 -0.200338 -0.184799 -0.060688 -0.200597
0.169292 0.017210 -0.150062 0.076510 -0.081425 -0.165706 -0.072486 0.055713 -0.200131 -0.181284 -0.060736 -0.197870
0.173187 0.017686 -0.153622 0.072775 -0.080747 -0.163517 -0.078942 0.055796 -0.199961 -0.177210 -0.060762 -0.194797
0.176305 0.018724 -0.156946 0.069427 -0.079520 -0.161689 -0.085690 0.055933 -0.199848 -0.172752 -0.060723 -0.191805
0.180031 0.021058 -0.161758 0.064718 -0.076960 -0.159424 -0.096049 0.056188 -0.199728 -0.165488 -0.060600 -0.187547
0.182351 0.023422 -0.165514 0.061096 -0.074394 -0.158018 -0.104219 0.056409 -0.199765 -0.159542 -0.060475 -0.184169
0.184166 0.026021 -0.169111 0.057639 -0.071576 -0.156940 -0.111883 0.056634 -0.199951 -0.153914 -0.060348 -0.180850
0.185605 0.028825 -0.172646 0.054318 -0.068531 -0.156078 -0.119261 0.056876 -0.200222 -0.148633 -0.060220 -0.177519
0.186804 0.032222 -0.176738 0.050698 -0.064793 -0.155307 -0.127447 0.057179 -0.200604 -0.143055 -0.060044 -0.173703
0.187478 0.035456 -0.180620 0.047561 -0.061183 -0.154749 -0.134771 0.057477 -0.200970 -0.138192 -0.059837 -0.170230
0.187882 0.038593 -0.184264 0.044801 -0.057675 -0.154340 -0.141475 0.057764 -0.201309 -0.133809 -0.059615 -0.167015
0.188234 0.041382 -0.187330 0.042578 -0.054565 -0.154083 -0.147063 0.058014 -0.201609 -0.130118 -0.059405 -0.164283
0.188684 0.043725 -0.189802 0.040826 -0.051944 -0.153933 -0.151643 0.058234 -0.201864 -0.127060 -0.059221 -0.162034
0.189150 0.045771 -0.192057 0.039220 -0.049534 -0.153823 -0.155856 0.058453 -0.202117 -0.124193 -0.059043 -0.160010
0.189434 0.047124 -0.193617 0.038083 -0.047744 -0.153769 -0.158883 0.058622 -0.202319 -0.122068 -0.058911 -0.158642
0.189527 0.047864 -0.194523 0.037442 -0.046518 -0.153770 -0.160724 0.058730 -0.202458 -0.120752 -0.058825 -0.157815
0.189104 0.047940 -0.194739 0.037617 -0.046330 -0.152875 -0.162400 0.058795 -0.202259 -0.119082 -0.058774 -0.157654
0.187971 0.048359 -0.194204 0.037934 -0.046041 -0.150160 -0.164111 0.058822 -0.201625 -0.116598 -0.058739 -0.157837
0.186442 0.049004 -0.193654 0.039427 -0.045753 -0.146853 -0.165751 0.058853 -0.201008 -0.113388 -0.058702 -0.158313
0.184377 0.049873 -0.193075 0.042980 -0.045405 -0.142475 -0.167402 0.058890 -0.200385 -0.108881 -0.058665 -0.159407
0.182057 0.050819 -0.192560 0.046961 -0.044662 -0.137827 -0.168842 0.058929 -0.199842 -0.103410 -0.058619 -0.161122
0.179181 0.051938 -0.192051 0.051801 -0.043458 -0.132543 -0.170271 0.058976 -0.199308 -0.096517 -0.058562 -0.163604
0.176204 0.053036 -0.191630 0.056773 -0.042202 -0.127513 -0.171485 0.059023 -0.198861 -0.089631 -0.058488 -0.166205
0.172689 0.054258 -0.191236 0.062242 -0.040799 -0.122200 -0.172684 0.059077 -0.198430 -0.081965 -0.058352 -0.169094
0.168738 0.055547 -0.190881 0.067704 -0.039331 -0.117185 -0.173817 0.059136 -0.198038 -0.074109 -0.058135 -0.172024
0.164230 0.056928 -0.190540 0.073259 -0.037826 -0.112664 -0.174920 0.059204 -0.197674 -0.066270 -0.057850 -0.174985
0.159989 0.058146 -0.190260 0.078094 -0.036579 -0.109527 -0.175814 0.059267 -0.197397 -0.060221 -0.057587 -0.177515
0.155042 0.059485 -0.189949 0.083289 -0.035332 -0.107003 -0.176728 0.059339 -0.197136 -0.054612 -0.057260 -0.180172
0.150632 0.060603 -0.189680 0.087459 -0.034341 -0.105734 -0.177444 0.059403 -0.196953 -0.050813 -0.056927 -0.182226
0.144468 0.061960 -0.189293 0.092843 -0.033064 -0.105171 -0.178320 0.059490 -0.196761 -0.047251 -0.056493 -0.184648
0.139132 0.062849 -0.188941 0.097352 -0.032109 -0.105464 -0.178981 0.059564 -0.196649 -0.045801 -0.056217 -0.186353
0.133010 0.063597 -0.188498 0.102487 -0.031172 -0.106465 -0.179654 0.059646 -0.196571 -0.045642 -0.056035 -0.187961
0.127381 0.064068 -0.188041 0.107242 -0.030468 -0.107883 -0.180207 0.059720 -0.196542 -0.046323 -0.055940 -0.189230
0.122117 0.064330 -0.187571 0.111754 -0.029967 -0.109591 -0.180672 0.059787 -0.196552 -0.047350 -0.055881 -0.190256
0.114542 0.064438 -0.186808 0.118388 -0.029570 -0.112568 -0.181269 0.059879 -0.196625 -0.048887 -0.055788 -0.191486
0.110286 0.064358 -0.186340 0.122182 -0.029558 -0.114495 -0.181570 0.059928 -0.196698 -0.049662 -0.055725 -0.192056
0.105009 0.064128 -0.185713 0.126950 -0.029800 -0.117096 -0.181913 0.059986 -0.196818 -0.050889 -0.055693 -0.192683
0.097589 0.063565 -0.184779 0.133705 -0.030659 -0.121136 -0.182343 0.060059 -0.197045 -0.053165 -0.055725 -0.193459
0.092004 0.062954 -0.184112 0.138754 -0.031558 -0.124527 -0.182622 0.060105 -0.197259 -0.055305 -0.055801 -0.193985
0.086030 0.062126 -0.183415 0.144151 -0.032710 -0.128468 -0.182826 0.060149 -0.197575 -0.058030 -0.055917 -0.194531
0.080754 0.061275 -0.182769 0.148852 -0.033900 -0.132160 -0.182760 0.060190 -0.197975 -0.060820 -0.056041 -0.195022
0.075479 0.060304 -0.182073 0.153533 -0.035266 -0.136079 -0.182455 0.060229 -0.198268 -0.064058 -0.056178 -0.195552
0.069440 0.059080 -0.181178 0.158919 -0.037139 -0.140850 -0.181855 0.060264 -0.198049 -0.068434 -0.056348 -0.196251
