-0.401909 -1.244583 -0.071949 -0.079586 1.172738 -2.489898 -0.709783 1.083183 0.461414 2.523818 1.141646 0.332615
-0.590850 -1.725148 -0.132411 -0.118170 1.612526 -3.457750 -1.283062 1.671297 0.629822 3.601749 1.976456 0.422292
-0.386512 -0.947011 -0.130810 -0.081815 0.880140 -1.942416 -1.233012 1.244706 0.320596 2.198878 1.778200 0.145923
-0.398173 -0.864766 -0.158473 -0.090036 0.836388 -1.873802 -1.463929 1.395357 0.258242 2.238418 2.060847 0.038428
-0.407962 -0.799824 -0.183362 -0.095970 0.798273 -1.837383 -1.683303 1.535162 0.178936 2.292136 2.267543 -0.080552
-0.387026 -0.713321 -0.190857 -0.092830 0.706848 -1.686848 -1.774564 1.550854 0.070988 2.188718 2.229119 -0.184123
-0.380794 -0.675392 -0.203653 -0.091268 0.653205 -1.584058 -1.923113 1.608126 -0.040959 2.174774 2.223739 -0.275101
-0.389229 -0.665181 -0.224982 -0.090880 0.636052 -1.490744 -2.135391 1.702146 -0.156008 2.233523 2.272467 -0.362690
-0.377140 -0.619241 -0.229750 -0.083452 0.598675 -1.259731 -2.200125 1.669421 -0.257231 2.158338 2.136738 -0.410075
-0.333775 -0.517025 -0.205388 -0.068039 0.524158 -0.913939 -2.018580 1.458421 -0.316641 1.842386 1.758463 -0.394287
-0.347723 -0.477075 -0.200938 -0.061767 0.533061 -0.723708 -2.099184 1.435940 -0.420045 1.679506 1.570664 -0.416520
-0.381490 -0.442796 -0.190789 -0.056772 0.562959 -0.610733 -2.207453 1.434440 -0.529414 1.477191 1.367788 -0.432764
-0.390573 -0.377038 -0.145565 -0.046218 0.588265 -0.421319 -2.081047 1.286325 -0.563351 1.033542 0.912842 -0.390470
-0.381131 -0.340539 -0.089584 -0.037925 0.611112 -0.220562 -1.847800 1.124623 -0.671689 0.642258 0.433173 -0.321636
-0.398105 -0.325115 -0.022113 -0.032163 0.654985 -0.019652 -1.633254 0.995435 -1.095380 0.338707 -0.112974 -0.262377
-0.497923 -0.323421 0.040161 -0.029951 0.800079 0.138406 -1.533938 0.929421 -1.612625 0.156773 -0.626267 -0.251702
-0.744725 -0.338189 0.106384 -0.029998 1.135822 0.338790 -1.481150 0.907426 -2.413115 0.000468 -1.267848 -0.272251
-1.044457 -0.356513 0.153577 -0.030426 1.481117 0.552371 -1.389700 0.901037 -3.260655 -0.120396 -1.884363 -0.293235
-1.255172 -0.336697 0.166834 -0.027539 1.610341 0.713490 -1.098528 0.805749 -3.513984 -0.215934 -2.277459 -0.280861
-1.508369 -0.338623 0.173035 -0.026478 1.722157 0.901388 -0.848227 0.778615 -3.755172 -0.312145 -2.739838 -0.284750
-1.674057 -0.334387 0.167485 -0.024794 1.659272 1.058550 -0.545895 0.749048 -3.847901 -0.393406 -3.109139 -0.281336
-1.746270 -0.323058 0.154002 -0.022271 1.395766 1.185502 -0.186200 0.712642 -3.661920 -0.460108 -3.330631 -0.269515
-1.784808 -0.322031 0.143243 -0.020498 0.985630 1.329757 0.167718 0.707293 -3.362541 -0.528134 -3.361852 -0.263424
-1.714151 -0.315710 0.122151 -0.019127 0.441872 1.437178 0.459884 0.694452 -2.868382 -0.576871 -3.121346 -0.250151
-1.525474 -0.303302 0.095522 -0.017792 -0.069470 1.478749 0.607097 0.666252 -2.307537 -0.592631 -2.729222 -0.229874
-1.311081 -0.317860 0.083473 -0.017223 -0.668995 1.627774 0.727980 0.674002 -1.807518 -0.640524 -2.336924 -0.223436
-0.953591 -0.327839 0.080584 -0.016201 -1.305549 1.741109 0.768791 0.653476 -1.213066 -0.661961 -1.746490 -0.210531
-0.493022 -0.291345 0.068343 -0.013840 -1.806529 1.699514 0.669287 0.567690 -0.568495 -0.619597 -1.022036 -0.176283
-0.177720 -0.254149 0.044846 -0.012472 -2.255243 1.742611 0.534042 0.512851 -0.138892 -0.614660 -0.600479 -0.151572
0.075398 -0.238149 0.015604 -0.011549 -2.759159 1.870483 0.380910 0.474798 0.261175 -0.640878 -0.344273 -0.130135
0.278180 -0.227429 -0.011034 -0.010135 -3.129411 1.949040 0.233950 0.417638 0.639821 -0.651925 -0.197919 -0.101668
0.420739 -0.205168 -0.031061 -0.008068 -3.245437 1.918068 0.115600 0.336632 0.942294 -0.630808 -0.108472 -0.066432
0.546052 -0.185744 -0.044418 -0.006004 -3.389382 1.948868 0.039990 0.262772 1.246218 -0.635099 -0.008986 -0.030574
0.637433 -0.162832 -0.050066 -0.003729 -3.436939 1.965637 0.003597 0.188006 1.498354 -0.639991 0.102072 0.006010
0.663113 -0.129177 -0.047184 -0.001169 -3.216863 1.860831 0.000553 0.106111 1.612044 -0.609825 0.204736 0.040903
0.713261 -0.101846 -0.043548 0.002659 -3.234382 1.910109 0.029773 0.027127 1.856334 -0.635370 0.339202 0.088335
0.755028 -0.070944 -0.036789 0.010814 -3.357034 2.025122 0.098558 -0.114531 2.177772 -0.689615 0.512447 0.221511
0.698668 -0.025987 -0.022772 0.023259 -3.060902 1.894698 0.190855 -0.360438 2.217730 -0.666660 0.645568 0.477404
0.676249 0.021562 -0.009329 0.043962 -2.857355 1.832119 0.322814 -0.761612 2.292300 -0.673285 0.816943 0.932578
0.678201 0.069785 0.000406 0.068822 -2.715805 1.814171 0.484718 -1.226674 2.375347 -0.689464 1.000030 1.512908
0.648730 0.118977 0.005237 0.089569 -2.398843 1.691003 0.655274 -1.599547 2.292247 -0.644159 1.101400 2.013644
0.664837 0.199517 0.009244 0.110904 -2.111952 1.585191 0.854092 -1.885513 2.195054 -0.578077 1.136353 2.338352
0.734156 0.340282 0.020853 0.131239 -1.770529 1.426132 1.041552 -2.050752 2.006065 -0.472529 1.063433 2.396610
1.051500 0.648640 0.043703 0.182592 -1.790710 1.561418 1.525920 -2.676784 2.257536 -0.409767 1.113891 2.818347
1.228723 0.870037 0.057720 0.209521 -1.659190 1.520791 1.820022 -2.947116 2.297317 -0.264543 0.944065 2.876112
1.141351 0.909749 0.061001 0.196228 -1.232280 1.168951 1.737977 -2.579805 1.912624 -0.035469 0.502560 2.370668
1.151343 0.989360 0.068996 0.203016 -1.069690 1.017799 1.791064 -2.472854 1.828355 0.112447 0.228132 2.205716
1.246472 1.142839 0.082855 0.231563 -1.016680 0.943160 1.978228 -2.530573 1.939822 0.251655 -0.003063 2.216934
1.280228 1.234927 0.091753 0.256269 -0.939588 0.829386 2.068895 -2.494130 2.022090 0.361645 -0.203728 2.136834
1.181650 1.191449 0.088628 0.256779 -0.803564 0.643512 1.945750 -2.251423 1.921585 0.417085 -0.350140 1.861324
1.052996 1.100874 0.080824 0.244734 -0.711805 0.476377 1.757645 -1.992841 1.752867 0.434859 -0.432956 1.583947
0.876716 0.945675 0.070457 0.216911 -0.640735 0.324834 1.491892 -1.678819 1.507361 0.413046 -0.453565 1.276580
0.731653 0.824037 0.065413 0.195432 -0.605042 0.232772 1.318509 -1.470993 1.347108 0.398020 -0.466926 1.056931
0.561412 0.683513 0.057765 0.162416 -0.503467 0.163427 1.105340 -1.218904 1.116014 0.356072 -0.437886 0.813400
0.344418 0.486240 0.041422 0.109798 -0.314538 0.084211 0.755638 -0.825078 0.725597 0.256256 -0.327980 0.511649
0.138037 0.271185 0.020139 0.056066 -0.062497 0.182517 0.509815 -0.597103 0.288281 -0.124629 -0.156018 0.208721
0.053681 0.261480 -0.006033 0.012904 0.292556 0.656361 0.393143 -0.642120 -0.240714 -0.876830 0.077563 -0.064823
0.103731 0.412556 -0.019184 -0.011648 0.558347 1.039283 0.338473 -0.780897 -0.566583 -1.582231 0.197939 -0.264764
0.160910 0.535869 -0.017839 -0.042583 0.715816 1.151432 0.336996 -0.929974 -0.655310 -2.346789 0.188396 -0.566592
0.201828 0.726252 -0.015309 -0.082934 0.839789 1.211800 0.321842 -1.027920 -0.699857 -2.906745 0.168962 -0.990537
0.237577 0.990513 -0.012310 -0.124563 0.960574 1.220776 0.304316 -1.053252 -0.725072 -3.176171 0.147213 -1.512899
0.261535 1.184178 -0.009343 -0.145686 1.051739 1.129730 0.285638 -0.965972 -0.722878 -3.291048 0.126055 -1.918297
0.279789 1.321383 -0.006229 -0.141891 1.134765 0.971773 0.266375 -0.817070 -0.702454 -3.280562 0.104199 -2.219856
0.308005 1.467164 -0.003444 -0.126404 1.273558 0.794623 0.263188 -0.680501 -0.709207 -3.244506 0.088501 -2.535747
0.331915 1.528064 -0.000277 -0.102478 1.411442 0.481243 0.259023 -0.479317 -0.703012 -3.006297 0.070574 -2.757715
0.326106 1.383844 0.002644 -0.080855 1.432594 0.046725 0.237548 -0.210746 -0.640406 -2.494512 0.048965 -2.669263
0.322771 1.177608 0.005531 -0.064035 1.477001 -0.452686 0.221878 0.062934 -0.585213 -1.989113 0.028551 -2.527426
0.310983 0.936113 0.007679 -0.039532 1.481825 -0.843487 0.205879 0.230958 -0.525860 -1.495836 0.011594 -2.266992
0.313139 0.712678 0.011061 -0.017097 1.644741 -1.403615 0.209087 0.393584 -0.503903 -1.027141 -0.008489 -2.060037
0.282139 0.503556 0.013888 -0.015020 1.762948 -1.864324 0.209477 0.501679 -0.471895 -0.653539 -0.027026 -1.734578
0.201235 0.221976 0.015792 -0.026789 1.727126 -2.186298 0.191025 0.551476 -0.385251 -0.222881 -0.046963 -1.125549
0.144045 0.019179 0.017635 -0.038876 1.747089 -2.473455 0.183830 0.582740 -0.326965 0.084995 -0.064669 -0.750765
0.079026 -0.159561 0.017569 -0.039505 1.596677 -2.470497 0.161069 0.532298 -0.241209 0.343923 -0.075379 -0.445961
0.024422 -0.406540 0.022106 -0.038244 1.850470 -3.087076 0.180174 0.570929 -0.203154 0.724310 -0.110048 -0.338592
-0.021603 -0.514539 0.021156 -0.025755 1.683266 -2.926722 0.161015 0.471108 -0.133621 0.862767 -0.115964 -0.243322
-0.064749 -0.567911 0.017767 -0.018016 1.331208 -2.411965 0.125767 0.339888 -0.049058 0.893341 -0.110098 -0.111697
-0.140747 -0.935866 0.024110 -0.035380 1.736590 -3.223415 0.164373 0.465206 0.012978 1.410620 -0.167084 -0.003236
-0.194616 -1.097412 0.024627 -0.046625 1.726093 -3.282525 0.164754 0.503244 0.114777 1.672481 -0.190015 0.119978
-0.227301 -1.078458 0.022656 -0.051384 1.462689 -2.881487 0.138544 0.496537 0.230859 1.752961 -0.198257 0.218877
-0.261415 -1.104846 0.025847 -0.056425 1.373681 -2.756425 0.104756 0.542162 0.310439 1.898670 -0.225682 0.279003
-0.283010 -1.082236 0.024820 -0.058462 1.248074 -2.530486 0.020729 0.589130 0.357791 1.958795 -0.177383 0.309336
-0.342792 -1.222173 0.010948 -0.069045 1.303008 -2.681210 -0.136251 0.759511 0.440501 2.304000 0.051455 0.365713
-0.199936 -0.697065 -0.000702 -0.040071 0.714464 -1.481344 -0.129140 0.461399 0.257486 1.333530 0.125358 0.209389
