# Foot contact patterns [FL FR RL RR]
# 1 = contact (negative dx), 0 = no contact (positive dx)
[1 0 0 1]
[1 0 0 1]
[1 0 0 1]
[1 0 0 1]
[1 0 0 1]
[1 0 0 1]
[1 0 0 1]
[1 0 0 1]
[1 0 0 1]
[1 0 0 1]
[1 0 0 1]
[1 0 0 1]
[1 0 0 1]
[1 0 0 1]
[0 1 0 1]
[0 1 0 1]
[0 1 0 1]
[0 1 0 1]
[0 1 0 1]
[0 1 0 1]
[0 1 0 1]
[0 1 0 1]
[0 1 0 1]
[0 1 0 1]
[0 1 0 1]
[0 1 0 1]
[0 1 0 1]
[0 1 0 1]
[0 1 1 1]
[0 1 1 1]
[0 1 1 1]
[0 1 1 1]
[0 1 1 1]
[0 1 1 1]
[0 1 1 1]
[0 1 1 1]
[0 1 1 1]
[0 1 1 0]
[0 1 1 0]
[0 1 1 0]
[0 1 1 0]
[0 1 1 0]
[0 1 1 0]
[0 1 1 0]
[0 1 1 0]
[0 1 1 0]
[0 1 1 0]
[0 1 1 0]
[0 1 1 0]
[0 1 1 0]
[0 1 1 0]
[0 1 1 0]
[0 1 1 0]
[0 1 1 0]
[0 1 1 0]
[0 1 1 0]
[1 0 1 0]
[1 0 1 0]
[1 0 1 0]
[1 0 1 0]
[1 0 1 0]
[1 0 1 0]
[1 0 1 0]
[1 0 1 0]
[1 0 1 0]
[1 0 1 0]
[1 0 1 0]
[1 0 1 0]
[1 0 1 0]
[1 0 1 0]
[1 0 1 0]
[1 0 1 0]
[1 0 1 1]
[1 0 1 1]
[1 0 1 1]
[1 0 1 1]
[1 0 1 1]
[1 0 1 1]
[1 0 1 1]
[1 0 1 1]
[1 0 0 1]
[1 0 0 1]
[1 0 0 1]
