0.950855 1.660250 -2.461875 -0.359887 0.728622 -1.657220 0.398866 -1.209608 1.533353 -0.357195 -0.485914 1.507587
0.951721 1.561964 -2.471762 -0.353342 0.794578 -1.671227 0.394327 -1.189291 1.492144 -0.356802 -0.478669 1.505909
0.936277 1.439677 -2.463373 -0.349614 0.864607 -1.682837 0.389812 -1.166453 1.466986 -0.356184 -0.471533 1.503256
0.916922 1.360123 -2.445333 -0.349909 0.904767 -1.686944 0.387733 -1.154167 1.460555 -0.355681 -0.467757 1.501016
0.897598 1.294398 -2.425757 -0.351202 0.936972 -1.689092 0.386489 -1.145642 1.456412 -0.355214 -0.464816 1.498877
0.872912 1.222156 -2.399676 -0.353688 0.971942 -1.690233 0.385235 -1.136845 1.453878 -0.354646 -0.461672 1.496175
0.841346 1.143991 -2.365528 -0.357789 1.009751 -1.689779 0.383699 -1.126691 1.454400 -0.353952 -0.458293 1.492726
0.808150 1.071814 -2.327295 -0.362795 1.044530 -1.686752 0.382087 -1.116240 1.457482 -0.353247 -0.455184 1.489027
0.779990 1.015368 -2.292405 -0.367610 1.071426 -1.682383 0.380678 -1.106928 1.461472 -0.352638 -0.452770 1.485683
0.763920 0.984793 -2.271572 -0.370596 1.086053 -1.679323 0.379848 -1.101270 1.464164 -0.352195 -0.451640 1.483393
0.715008 0.897597 -2.204568 -0.380684 1.128294 -1.668237 0.377185 -1.081896 1.473569 -0.350767 -0.450716 1.477244
0.683917 0.846078 -2.159380 -0.387817 1.153337 -1.660195 0.375353 -1.067254 1.480099 -0.350487 -0.453258 1.477911
0.654148 0.799141 -2.114599 -0.395100 1.176205 -1.652164 0.373470 -1.050954 1.486332 -0.351366 -0.459146 1.485866
0.612749 0.735946 -2.049425 -0.406310 1.206932 -1.640843 0.370532 -1.023409 1.494444 -0.355076 -0.475073 1.512316
0.578517 0.683705 -1.991589 -0.417172 1.231995 -1.631707 0.367589 -0.993790 1.499892 -0.360594 -0.499714 1.549394
0.560118 0.655042 -1.958186 -0.423757 1.245634 -1.627112 0.365693 -0.974311 1.501864 -0.364664 -0.518053 1.575741
0.533722 0.612480 -1.906091 -0.434228 1.265806 -1.621263 0.362517 -0.941276 1.502792 -0.372107 -0.550652 1.621940
0.508467 0.569359 -1.850613 -0.445573 1.285704 -1.617414 0.358939 -0.902857 1.500396 -0.381329 -0.591042 1.676008
0.488906 0.535440 -1.805084 -0.454946 1.300814 -1.616556 0.355961 -0.869322 1.496155 -0.389584 -0.628403 1.721867
0.469042 0.501795 -1.756830 -0.464925 1.315786 -1.618187 0.352855 -0.832194 1.489698 -0.398942 -0.672168 1.770958
0.456017 0.481136 -1.724216 -0.471757 1.325522 -1.620829 0.350836 -0.806347 1.484277 -0.405730 -0.704416 1.804360
0.437400 0.455028 -1.676674 -0.481888 1.339506 -1.626754 0.348059 -0.768255 1.475309 -0.415991 -0.754562 1.851930
0.428466 0.444368 -1.653658 -0.487026 1.346464 -1.630709 0.346787 -0.749427 1.470488 -0.421115 -0.780707 1.874331
0.406916 0.422531 -1.598895 -0.501448 1.365350 -1.644721 0.343800 -0.700409 1.457042 -0.434082 -0.853575 1.927244
0.397572 0.413873 -1.576319 -0.509693 1.375489 -1.654290 0.342513 -0.676015 1.449999 -0.439879 -0.892995 1.948993
0.388749 0.407011 -1.558552 -0.519507 1.388133 -1.665088 0.341346 -0.650754 1.442768 -0.444583 -0.935996 1.965236
0.380822 0.404222 -1.547871 -0.529662 1.401740 -1.679502 0.340451 -0.628016 1.436836 -0.446820 -0.975054 1.971382
0.373145 0.405077 -1.542019 -0.541609 1.417061 -1.705921 0.339730 -0.606506 1.431665 -0.446181 -1.012097 1.966090
0.365380 0.410054 -1.540114 -0.559376 1.438816 -1.747097 0.339035 -0.585656 1.426133 -0.442063 -1.048734 1.946246
0.357854 0.419198 -1.541256 -0.584930 1.468428 -1.804937 0.338389 -0.566574 1.420536 -0.435523 -1.081374 1.913811
0.351341 0.430557 -1.544045 -0.613830 1.499503 -1.867492 0.337856 -0.550991 1.415610 -0.428642 -1.106064 1.876666
0.345219 0.444024 -1.548064 -0.646836 1.532782 -1.930268 0.337376 -0.536924 1.410924 -0.421598 -1.125828 1.834818
0.337911 0.463811 -1.554677 -0.693511 1.575872 -2.011212 0.336837 -0.520644 1.405269 -0.412885 -1.144014 1.776296
0.330766 0.487000 -1.562976 -0.745918 1.618933 -2.094873 0.336355 -0.504989 1.399698 -0.404278 -1.155209 1.710499
0.321566 0.522685 -1.576331 -0.820216 1.668636 -2.201649 0.335829 -0.484804 1.392523 -0.393382 -1.157810 1.615805
0.318229 0.537357 -1.581925 -0.847537 1.682105 -2.237621 0.335673 -0.477371 1.389941 -0.389661 -1.154909 1.582245
0.309733 0.578675 -1.597796 -0.914783 1.702082 -2.320063 0.335329 -0.458029 1.383461 -0.381201 -1.141216 1.500313
0.303727 0.610925 -1.610098 -0.956031 1.701256 -2.367746 0.335152 -0.444076 1.379053 -0.376182 -1.127949 1.449361
0.297659 0.645503 -1.622971 -0.986837 1.684147 -2.403248 0.335031 -0.430463 1.374878 -0.371868 -1.113053 1.408646
0.292334 0.677493 -1.634382 -1.001214 1.652995 -2.421798 0.334964 -0.419109 1.371497 -0.368585 -1.099702 1.384577
0.286491 0.719495 -1.648802 -1.005640 1.596188 -2.432257 0.334927 -0.405896 1.367724 -0.365349 -1.084663 1.366111
0.282130 0.760166 -1.662295 -0.998633 1.528631 -2.430438 0.334935 -0.394915 1.364793 -0.363690 -1.074678 1.357060
0.279622 0.787225 -1.671053 -0.989833 1.479170 -2.423774 0.334959 -0.388555 1.363229 -0.363213 -1.070334 1.353780
0.275893 0.833821 -1.685837 -0.969651 1.389249 -2.403931 0.335035 -0.379266 1.361230 -0.363205 -1.065933 1.350174
0.272879 0.882292 -1.700967 -0.944303 1.293162 -2.374044 0.335154 -0.371742 1.360067 -0.363954 -1.064176 1.348579
0.271031 0.926276 -1.714617 -0.919021 1.206718 -2.340037 0.335301 -0.366864 1.359875 -0.365019 -1.063919 1.349713
0.270480 0.946682 -1.720961 -0.906870 1.167464 -2.322433 0.335383 -0.365227 1.360071 -0.365570 -1.063937 1.351097
0.269976 0.989621 -1.734398 -0.880804 1.087333 -2.282288 0.335584 -0.363050 1.361069 -0.366747 -1.063791 1.355810
0.270600 1.036346 -1.749278 -0.852457 1.004325 -2.233685 0.335902 -0.362787 1.363307 -0.367917 -1.062559 1.364143
0.272730 1.085613 -1.765438 -0.823469 0.920974 -2.177253 0.336658 -0.367112 1.369978 -0.368874 -1.058937 1.376998
0.275148 1.119114 -1.776811 -0.804266 0.866961 -2.136451 0.337671 -0.375028 1.379843 -0.369313 -1.054472 1.388485
0.275561 1.123510 -1.778347 -0.801783 0.860127 -2.130920 0.337873 -0.376702 1.381847 -0.369351 -1.053656 1.390272
0.275974 1.127907 -1.779882 -0.799300 0.853293 -2.125388 0.338075 -0.378376 1.383851 -0.369389 -1.052840 1.392059
0.276387 1.132304 -1.781418 -0.796818 0.846459 -2.119856 0.338276 -0.380050 1.385856 -0.369427 -1.052025 1.393846
0.276800 1.136700 -1.782954 -0.794335 0.839625 -2.114325 0.338478 -0.381724 1.387860 -0.369466 -1.051209 1.395633
0.291464 1.235888 -1.818717 -0.739305 0.699608 -1.984060 0.348374 -0.458174 1.481967 -0.369816 -1.016740 1.450501
0.335210 1.341008 -1.847495 -0.662522 0.582520 -1.840875 0.370274 -0.612597 1.648621 -0.368149 -0.926868 1.518918
0.342124 1.351036 -1.848817 -0.652844 0.572742 -1.826421 0.373011 -0.631638 1.666374 -0.367776 -0.914289 1.524242
0.373868 1.388466 -1.848903 -0.611461 0.537348 -1.768464 0.385087 -0.710959 1.737224 -0.365686 -0.858399 1.537439
0.400868 1.413206 -1.844527 -0.578701 0.514087 -1.724778 0.395200 -0.770812 1.788982 -0.363598 -0.812479 1.539899
0.413473 1.423080 -1.841570 -0.563929 0.504622 -1.705207 0.399970 -0.796799 1.811227 -0.362565 -0.791425 1.539193
0.441427 1.441818 -1.833431 -0.531932 0.486092 -1.661996 0.410839 -0.851723 1.857138 -0.360199 -0.745340 1.534374
0.466381 1.455421 -1.824700 -0.504162 0.471322 -1.623529 0.420890 -0.898830 1.895001 -0.358068 -0.704605 1.527054
0.470796 1.457513 -1.823012 -0.499335 0.468793 -1.616745 0.422708 -0.907027 1.901415 -0.357695 -0.697466 1.525467
0.475211 1.459605 -1.821324 -0.494508 0.466264 -1.609962 0.424526 -0.915224 1.907828 -0.357322 -0.690328 1.523881
0.531260 1.478526 -1.795379 -0.435904 0.429762 -1.521391 0.449041 -1.020576 1.983480 -0.352225 -0.598809 1.495422
0.535593 1.479567 -1.793000 -0.431830 0.426760 -1.514413 0.450966 -1.028945 1.988683 -0.351774 -0.591485 1.492550
0.545993 1.481442 -1.787300 -0.423126 0.420449 -1.499079 0.455344 -1.048227 2.000023 -0.350683 -0.574561 1.485475
0.549712 1.482245 -1.786449 -0.420370 0.418481 -1.491604 0.457311 -1.060591 2.004283 -0.350103 -0.563764 1.481347
0.559618 1.499846 -1.808070 -0.419931 0.425840 -1.499564 0.457186 -1.073333 2.002128 -0.350951 -0.557117 1.484641
0.563288 1.506176 -1.815372 -0.419620 0.428618 -1.502491 0.457108 -1.077761 2.001207 -0.351235 -0.555074 1.485761
0.618587 1.581699 -1.953507 -0.412117 0.469833 -1.538547 0.450022 -1.135242 1.963585 -0.353876 -0.535174 1.495799
0.656684 1.617485 -2.030645 -0.407192 0.492888 -1.555229 0.442757 -1.162281 1.925334 -0.354770 -0.527661 1.499085
0.674949 1.631993 -2.064691 -0.404902 0.503384 -1.562187 0.439270 -1.172476 1.905767 -0.355099 -0.524701 1.500276
0.717396 1.661770 -2.138356 -0.399661 0.527250 -1.576828 0.431764 -1.191922 1.859360 -0.355719 -0.518660 1.502515
0.762538 1.688283 -2.209148 -0.394105 0.552663 -1.590816 0.424839 -1.207532 1.809077 -0.356224 -0.513052 1.504321
0.813187 1.711357 -2.280884 -0.387628 0.582822 -1.605656 0.418105 -1.220020 1.750631 -0.356665 -0.507187 1.505883
0.868121 1.724416 -2.352939 -0.379779 0.620597 -1.621943 0.411301 -1.226687 1.681940 -0.357023 -0.500747 1.507135
0.892677 1.723529 -2.384480 -0.375709 0.640852 -1.629796 0.408012 -1.226448 1.647756 -0.357145 -0.497601 1.507551
0.905575 1.719853 -2.401094 -0.373242 0.653465 -1.634335 0.406234 -1.225164 1.627943 -0.357194 -0.495753 1.507714
0.934989 1.698164 -2.439506 -0.366163 0.691026 -1.646662 0.401993 -1.218812 1.575202 -0.357255 -0.490598 1.507880
0.948710 1.668596 -2.458559 -0.360969 0.721411 -1.655328 0.399409 -1.211544 1.540469 -0.357216 -0.486780 1.507677
0.950855 1.660250 -2.461875 -0.359887 0.728622 -1.657220 0.398866 -1.209608 1.533353 -0.357195 -0.485914 1.507587
0.956138 1.625937 -2.471365 -0.356317 0.755472 -1.663822 0.396946 -1.201945 1.510196 -0.357091 -0.482792 1.507139
