# Joint angles matrix: 150 frames, 12 joints per frame + timestamp
# Order: fr[gamma,alpha,beta] fl[gamma,alpha,beta] hr[gamma,alpha,beta] hl[gamma,alpha,beta] timestamp
0.955278 1.635640 -2.469428 -0.357168 0.748381 -1.662167 0.397436 -1.204055 1.515620 -0.357125 -0.483597 1.507280 1740089755.867208
0.956923 1.606960 -2.474082 -0.354880 0.768641 -1.666753 0.396047 -1.197914 1.501290 -0.357021 -0.481326 1.506841 1740089755.868068
0.956197 1.575210 -2.476151 -0.353004 0.789103 -1.670953 0.394659 -1.191408 1.490301 -0.356889 -0.479115 1.506284 1740089755.868676
0.953181 1.539821 -2.475701 -0.351500 0.810268 -1.674858 0.393237 -1.184449 1.481455 -0.356726 -0.476907 1.505592 1740089755.879801
0.948654 1.505809 -2.473158 -0.350506 0.829467 -1.678019 0.391974 -1.178040 1.475170 -0.356555 -0.474962 1.504861 1740089755.884318
0.941905 1.466711 -2.468161 -0.349808 0.850557 -1.681082 0.390640 -1.171021 1.469777 -0.356342 -0.472884 1.503946 1740089755.899927
0.933395 1.425836 -2.460922 -0.349514 0.871800 -1.683736 0.389388 -1.164115 1.465557 -0.356103 -0.470841 1.502902 1740089755.911634
0.924660 1.389164 -2.452872 -0.349591 0.890357 -1.685700 0.388398 -1.158343 1.462566 -0.355874 -0.469092 1.501887 1740089755.916718
0.913180 1.346081 -2.441688 -0.350063 0.911735 -1.687545 0.387412 -1.152148 1.459583 -0.355587 -0.467112 1.500595 1740089755.933308
0.902332 1.309157 -2.430691 -0.350788 0.929808 -1.688753 0.386736 -1.147423 1.457172 -0.355325 -0.465463 1.499396 1740089755.943842
0.889103 1.267912 -2.416903 -0.351945 0.949828 -1.689701 0.386046 -1.142445 1.455049 -0.355015 -0.463654 1.497945 1740089755.955830
0.874677 1.226769 -2.401572 -0.353473 0.969713 -1.690223 0.385322 -1.137426 1.453905 -0.354685 -0.461871 1.496368 1740089755.966773
0.859498 1.187103 -2.385266 -0.355319 0.988877 -1.690310 0.384577 -1.132434 1.453670 -0.354346 -0.460158 1.494711 1740089755.980444
0.845002 1.152217 -2.369617 -0.357263 1.005774 -1.690011 0.383875 -1.127834 1.454138 -0.354030 -0.458648 1.493128 1740089755.985721
0.827296 1.112372 -2.349810 -0.359811 1.025037 -1.688885 0.383021 -1.122300 1.455406 -0.353651 -0.456929 1.491179 1740089755.999634
0.810998 1.077619 -2.330763 -0.362323 1.041756 -1.687156 0.382228 -1.117163 1.457107 -0.353307 -0.455434 1.489354 1740089756.006674
0.792313 1.039529 -2.308008 -0.365418 1.059954 -1.684507 0.381303 -1.111104 1.459567 -0.352914 -0.453794 1.487208 1740089756.020784
0.775489 1.006542 -2.286706 -0.368411 1.075617 -1.681607 0.380450 -1.105403 1.462168 -0.352537 -0.452396 1.485126 1740089756.032077
0.757114 0.971998 -2.262669 -0.371882 1.092192 -1.677980 0.379494 -1.098838 1.465338 -0.351994 -0.451195 1.482374 1740089756.059410
0.737444 0.936501 -2.236072 -0.375837 1.109386 -1.673653 0.378440 -1.091316 1.469041 -0.351363 -0.450485 1.479463 1740089756.060607
0.717983 0.902611 -2.208851 -0.380012 1.125859 -1.668993 0.377357 -1.083240 1.472948 -0.350818 -0.450558 1.477342 1740089756.068608
0.699288 0.871106 -2.181940 -0.384236 1.141159 -1.664240 0.376275 -1.074792 1.476851 -0.350495 -0.451553 1.476725 1740089756.074322
0.681140 0.841557 -2.155305 -0.388464 1.155537 -1.659464 0.375187 -1.065892 1.480686 -0.350485 -0.453566 1.478125 1740089756.092535
0.662317 0.811777 -2.127112 -0.393023 1.170046 -1.654394 0.374009 -1.055792 1.484649 -0.350918 -0.456969 1.482400 1740089756.106723
0.643956 0.783376 -2.098987 -0.397691 1.183889 -1.649382 0.372797 -1.044918 1.488432 -0.351926 -0.461863 1.490190 1740089756.114042
0.626336 0.756522 -2.071325 -0.402428 1.196957 -1.644553 0.371557 -1.033332 1.491917 -0.353479 -0.468397 1.501282 1740089756.121408
0.610933 0.733195 -2.046497 -0.406829 1.208266 -1.640347 0.370395 -1.022082 1.494782 -0.355289 -0.475966 1.513791 1740089756.131387
0.595616 0.709956 -2.021081 -0.411505 1.219466 -1.636213 0.369143 -1.009621 1.497391 -0.357524 -0.485656 1.528942 1740089756.143336
0.579696 0.685535 -1.993704 -0.416756 1.231124 -1.632006 0.367708 -0.995005 1.499754 -0.360344 -0.498579 1.547762 1740089756.148923
0.564423 0.661836 -1.966307 -0.422138 1.242404 -1.628135 0.366173 -0.979265 1.501539 -0.363585 -0.513281 1.568892 1740089756.168586
0.549877 0.638880 -1.938866 -0.427607 1.253318 -1.624679 0.364550 -0.962525 1.502636 -0.367232 -0.529405 1.592036 1740089756.175635
0.537118 0.618187 -1.913332 -0.432755 1.263124 -1.621907 0.362977 -0.946132 1.502932 -0.370964 -0.545682 1.615074 1740089756.188317
0.524799 0.597486 -1.887068 -0.438098 1.272853 -1.619570 0.361308 -0.928517 1.502425 -0.375109 -0.563711 1.639979 1740089756.197697
0.512842 0.576952 -1.860598 -0.443519 1.282287 -1.617818 0.359592 -0.910059 1.501146 -0.379564 -0.583200 1.665990 1740089756.203931
0.501480 0.557233 -1.834666 -0.448852 1.291161 -1.616770 0.357895 -0.891356 1.499198 -0.384149 -0.603566 1.692007 1740089756.222637
0.490948 0.538948 -1.809983 -0.453936 1.299267 -1.616471 0.356279 -0.873044 1.496750 -0.388660 -0.624102 1.716915 1740089756.228075
0.480333 0.520709 -1.784513 -0.459188 1.307311 -1.616912 0.354624 -0.853690 1.493658 -0.393462 -0.646466 1.742664 1740089756.245181
0.469208 0.502062 -1.757244 -0.464839 1.315662 -1.618156 0.352881 -0.832521 1.489765 -0.398857 -0.671764 1.770534 1740089756.251289
0.459198 0.485960 -1.732264 -0.470057 1.323142 -1.620010 0.351323 -0.812785 1.485713 -0.404014 -0.696180 1.796153 1740089756.269840
0.449781 0.471678 -1.708437 -0.475089 1.330187 -1.622435 0.349880 -0.793725 1.481463 -0.409093 -0.720565 1.820451 1740089756.275722
0.440361 0.458704 -1.684306 -0.480221 1.337242 -1.625547 0.348485 -0.774426 1.476862 -0.414311 -0.746112 1.844474 1740089756.283711
0.431998 0.448321 -1.662752 -0.484928 1.343635 -1.628955 0.347283 -0.756997 1.472477 -0.419057 -0.769978 1.865531 1740089756.307285
0.423395 0.438693 -1.640602 -0.490038 1.350526 -1.633228 0.346075 -0.738558 1.467632 -0.424070 -0.796112 1.886967 1740089756.319473
0.415551 0.430740 -1.620558 -0.495086 1.357258 -1.637994 0.344988 -0.721039 1.462855 -0.428768 -0.821861 1.906312 1740089756.322964
0.408903 0.424371 -1.603788 -0.499834 1.363345 -1.642913 0.344073 -0.705393 1.458470 -0.432847 -0.845692 1.922515 1740089756.327861
0.402214 0.418176 -1.587315 -0.505269 1.370095 -1.648999 0.343153 -0.688615 1.453664 -0.437006 -0.872232 1.938436 1740089756.343544
0.396684 0.413050 -1.574215 -0.510539 1.376521 -1.655302 0.342390 -0.673604 1.449298 -0.440429 -0.896968 1.951013 1740089756.354512
0.391579 0.408711 -1.563387 -0.516142 1.383618 -1.661543 0.341701 -0.658923 1.445046 -0.443329 -0.921944 1.961160 1740089756.365800
0.386930 0.405918 -1.555444 -0.521670 1.391036 -1.667366 0.341118 -0.645502 1.441303 -0.445389 -0.945029 1.967856 1740089756.377598
0.382293 0.404331 -1.549303 -0.527617 1.399059 -1.675447 0.340595 -0.632191 1.437826 -0.446694 -0.967936 1.971420 1740089756.388435
0.377916 0.404006 -1.545044 -0.533699 1.407035 -1.687509 0.340167 -0.619773 1.434880 -0.447069 -0.989109 1.971307 1740089756.402646
0.373492 0.404906 -1.542147 -0.540906 1.416190 -1.704263 0.339761 -0.607451 1.431908 -0.446327 -1.010437 1.966805 1740089756.412467
0.369228 0.407011 -1.540573 -0.549536 1.426879 -1.724624 0.339376 -0.595853 1.428921 -0.444531 -1.030816 1.958021 1740089756.424454
0.365065 0.410303 -1.540076 -0.560182 1.439794 -1.748939 0.339007 -0.584820 1.425905 -0.441861 -1.050202 1.945281 1740089756.434430
0.360901 0.414885 -1.540462 -0.573475 1.455512 -1.778606 0.338645 -0.574119 1.422819 -0.438438 -1.068719 1.928601 1740089756.445512
0.356885 0.420570 -1.541508 -0.588575 1.472538 -1.813315 0.338307 -0.564173 1.419809 -0.434595 -1.085401 1.909105 1740089756.456576
0.352728 0.427729 -1.543245 -0.606806 1.492237 -1.853514 0.337966 -0.554216 1.416667 -0.430206 -1.101292 1.885607 1740089756.469714
0.348334 0.436689 -1.545780 -0.629063 1.515263 -1.897807 0.337616 -0.543998 1.413318 -0.425250 -1.116415 1.857274 1740089756.483727
0.344191 0.446443 -1.548817 -0.652698 1.538561 -1.940976 0.337297 -0.534591 1.410134 -0.420393 -1.128933 1.827411 1740089756.497877
0.340087 0.457361 -1.552439 -0.678561 1.562722 -1.986223 0.336992 -0.525438 1.406960 -0.415495 -1.139485 1.794948 1740089756.504615
0.336101 0.469175 -1.556538 -0.705943 1.586807 -2.031993 0.336709 -0.516657 1.403862 -0.410714 -1.147780 1.760784 1740089756.522900
0.332133 0.482141 -1.561191 -0.735256 1.610852 -2.078681 0.336442 -0.507975 1.400766 -0.405945 -1.153891 1.724147 1740089756.532057
0.328704 0.494329 -1.565668 -0.762000 1.631122 -2.119297 0.336225 -0.500485 1.398087 -0.401764 -1.157198 1.689913 1740089756.539010
0.324813 0.509278 -1.571257 -0.793496 1.652699 -2.164849 0.335999 -0.491964 1.395049 -0.397117 -1.158642 1.649486 1740089756.547668
0.321451 0.523159 -1.576510 -0.821160 1.669199 -2.202949 0.335823 -0.484551 1.392434 -0.393250 -1.157781 1.614615 1740089756.555321
0.317878 0.538903 -1.582515 -0.850410 1.683511 -2.241397 0.335657 -0.476589 1.389670 -0.389270 -1.154596 1.578719 1740089756.577466
0.314215 0.556110 -1.589121 -0.880114 1.694604 -2.278612 0.335498 -0.468322 1.386853 -0.385442 -1.149502 1.542535 1740089756.584939
0.310939 0.572387 -1.595383 -0.905867 1.701096 -2.309634 0.335370 -0.460827 1.384362 -0.382273 -1.143701 1.511207 1740089756.589418
0.307497 0.590337 -1.602271 -0.931322 1.703912 -2.339407 0.335253 -0.452839 1.381789 -0.379213 -1.136606 1.480107 1740089756.606844
0.304255 0.607956 -1.608982 -0.953012 1.702301 -2.364297 0.335164 -0.445280 1.379425 -0.376575 -1.129226 1.453228 1740089756.613191
0.300769 0.627554 -1.616351 -0.972940 1.695406 -2.387065 0.335085 -0.437333 1.376970 -0.373983 -1.120797 1.427705 1740089756.630100
0.297394 0.647033 -1.623535 -0.988021 1.683187 -2.404627 0.335026 -0.429878 1.374700 -0.371688 -1.112393 1.407022 1740089756.636485
0.294173 0.665934 -1.630330 -0.997842 1.666202 -2.416837 0.334982 -0.423037 1.372650 -0.369677 -1.104370 1.391545 1740089756.644457
0.290877 0.686646 -1.637591 -1.003885 1.642537 -2.425727 0.334950 -0.415998 1.370584 -0.367721 -1.096006 1.379060 1740089756.665525
0.287863 0.708205 -1.644995 -1.006211 1.613430 -2.431199 0.334931 -0.409194 1.368638 -0.366025 -1.088153 1.369613 1740089756.666601
0.285280 0.729456 -1.652161 -1.005137 1.580976 -2.433190 0.334924 -0.402986 1.366917 -0.364752 -1.081583 1.363021 1740089756.685131
0.282985 0.751305 -1.659405 -1.001144 1.544439 -2.432065 0.334929 -0.397101 1.365348 -0.363902 -1.076315 1.358343 1740089756.692593
0.280874 0.773173 -1.666537 -0.994947 1.505427 -2.428050 0.334944 -0.391706 1.363979 -0.363380 -1.072275 1.355178 1740089756.702670
0.278838 0.796016 -1.673879 -0.986633 1.462742 -2.421098 0.334969 -0.386583 1.362760 -0.363109 -1.069120 1.352905 1740089756.725815
0.277004 0.818586 -1.681045 -0.976954 1.419208 -2.411746 0.335005 -0.382019 1.361763 -0.363084 -1.066913 1.351167 1740089756.727121
0.275338 0.841434 -1.688231 -0.966002 1.374279 -2.400026 0.335050 -0.377890 1.360963 -0.363265 -1.065443 1.349678 1740089756.742144
0.273923 0.863472 -1.695115 -0.954588 1.330547 -2.386788 0.335102 -0.374370 1.360391 -0.363587 -1.064577 1.348820 1740089756.750232
0.272749 0.884632 -1.701695 -0.943024 1.288513 -2.372459 0.335161 -0.371415 1.360027 -0.364000 -1.064126 1.348549 1740089756.758257
0.271649 0.908661 -1.709151 -0.929351 1.241061 -2.354450 0.335237 -0.368563 1.359838 -0.364561 -1.063927 1.348914 1740089756.769291
0.270824 0.932162 -1.716444 -0.915569 1.195242 -2.335221 0.335323 -0.366296 1.359888 -0.365172 -1.063916 1.349980 1740089756.780377
0.270245 0.956567 -1.724036 -0.900947 1.148553 -2.313727 0.335424 -0.364499 1.360195 -0.365841 -1.063952 1.351858 1740089756.809714
0.269983 0.978222 -1.730808 -0.887790 1.108084 -2.293477 0.335525 -0.363390 1.360693 -0.366439 -1.063907 1.354214 1740089756.810950
0.269970 0.999635 -1.737551 -0.874666 1.069103 -2.272458 0.335635 -0.362751 1.361400 -0.367017 -1.063689 1.357213 1740089756.824310
0.270256 1.023303 -1.745077 -0.860266 1.027006 -2.247937 0.335783 -0.362496 1.362399 -0.367618 -1.063128 1.361352 1740089756.833727
0.270883 1.047054 -1.752727 -0.846046 0.985703 -2.221984 0.336000 -0.363026 1.364052 -0.368163 -1.062092 1.366434 1740089756.842042
0.271874 1.070834 -1.760510 -0.832039 0.945373 -2.194797 0.336339 -0.364854 1.366979 -0.368634 -1.060437 1.372534 1740089756.851517
0.273202 1.093767 -1.768157 -0.818741 0.907513 -2.167574 0.336834 -0.368358 1.371633 -0.369006 -1.058109 1.379461 1740089756.862390
0.274953 1.117041 -1.776087 -0.805436 0.870183 -2.139059 0.337576 -0.374239 1.378898 -0.369295 -1.054856 1.387643 1740089756.869218
0.277109 1.139984 -1.784101 -0.792481 0.834521 -2.110193 0.338629 -0.382974 1.389357 -0.369494 -1.050600 1.396968 1740089756.974789
0.279611 1.161956 -1.791993 -0.780195 0.801481 -2.081945 0.340043 -0.394775 1.403315 -0.369615 -1.045374 1.407206 1740089756.976177
0.282123 1.180834 -1.798908 -0.769710 0.774025 -2.057287 0.341646 -0.407759 1.418932 -0.369678 -1.039844 1.417085 1740089756.977202
0.285593 1.203562 -1.807214 -0.757149 0.742210 -2.027247 0.344037 -0.426203 1.441920 -0.369728 -1.031723 1.430141 1740089756.978255
0.289241 1.224483 -1.814734 -0.745609 0.714209 -1.999349 0.346697 -0.445982 1.466794 -0.369776 -1.022621 1.443091 1740089756.979264
0.292729 1.242378 -1.820983 -0.735717 0.691299 -1.975359 0.349328 -0.465112 1.490602 -0.369838 -1.013394 1.454717 1740089756.980277
0.298011 1.263303 -1.827979 -0.723343 0.665783 -1.947266 0.352891 -0.490327 1.521075 -0.369803 -1.000377 1.468774 1740089756.982806
0.304504 1.282312 -1.833910 -0.710730 0.643793 -1.921695 0.356599 -0.516061 1.550765 -0.369595 -0.986162 1.481745 1740089756.986006
0.312322 1.300683 -1.839091 -0.697222 0.623609 -1.896850 0.360531 -0.543463 1.580614 -0.369269 -0.970222 1.494141 1740089756.986997
0.321832 1.319349 -1.843603 -0.682089 0.604138 -1.871344 0.364785 -0.573795 1.611418 -0.368827 -0.951741 1.506220 1740089756.988153
0.332147 1.336566 -1.846910 -0.666810 0.586852 -1.847279 0.369061 -0.604162 1.640756 -0.368314 -0.932441 1.516560 1740089756.991178
0.343234 1.352647 -1.849029 -0.651290 0.571171 -1.824099 0.373451 -0.634696 1.669225 -0.367716 -0.912269 1.525097 1740089757.023621
0.354909 1.367606 -1.849907 -0.635655 0.556907 -1.801714 0.377942 -0.665055 1.696741 -0.367011 -0.891456 1.531584 1740089757.038985
0.367365 1.381834 -1.849571 -0.619578 0.543544 -1.779440 0.382652 -0.695762 1.723968 -0.366163 -0.869617 1.536070 1740089757.040115
0.380520 1.395250 -1.848219 -0.603157 0.531009 -1.757236 0.387579 -0.726505 1.750785 -0.365199 -0.846923 1.538839 1740089757.041101
0.394141 1.407688 -1.845977 -0.586649 0.519340 -1.735270 0.392672 -0.756681 1.776834 -0.364142 -0.823769 1.540013 1740089757.052890
0.407712 1.418820 -1.843052 -0.570615 0.508742 -1.714104 0.397772 -0.785188 1.801342 -0.363045 -0.800993 1.539784 1740089757.068915
0.421080 1.428706 -1.839613 -0.555100 0.499183 -1.693460 0.402873 -0.812130 1.824280 -0.361932 -0.778792 1.538412 1740089757.097107
0.435251 1.438140 -1.835450 -0.538888 0.489874 -1.671537 0.408388 -0.839904 1.847473 -0.360729 -0.755453 1.535894 1740089757.098283
0.449679 1.446732 -1.830734 -0.522637 0.481039 -1.649247 0.414113 -0.867515 1.870053 -0.359492 -0.731828 1.532343 1740089757.105320
0.463061 1.453848 -1.825970 -0.507793 0.473224 -1.628630 0.419523 -0.892665 1.890177 -0.358348 -0.709974 1.528247 1740089757.106311
0.475995 1.459977 -1.821024 -0.493650 0.465815 -1.608757 0.424849 -0.916681 1.908968 -0.357256 -0.689059 1.523599 1740089757.165583
0.488642 1.465264 -1.815864 -0.480008 0.458477 -1.589338 0.430157 -0.940018 1.926784 -0.356185 -0.668776 1.518416 1740089757.166894
0.500748 1.469652 -1.810599 -0.467113 0.451063 -1.570671 0.435349 -0.962384 1.943391 -0.355139 -0.649366 1.512840 1740089757.167943
0.511458 1.473012 -1.805616 -0.455838 0.443870 -1.553833 0.440063 -0.982418 1.957805 -0.354175 -0.631991 1.507338 1740089757.168925
0.520927 1.475788 -1.800886 -0.446073 0.437133 -1.538359 0.444351 -1.000549 1.970378 -0.353271 -0.616255 1.501932 1740089757.171833
0.529269 1.478047 -1.796472 -0.437776 0.431141 -1.524597 0.448156 -1.016731 1.981090 -0.352433 -0.602174 1.496741 1740089757.172925
0.536395 1.479760 -1.792560 -0.431076 0.426205 -1.513122 0.451322 -1.030493 1.989645 -0.351690 -0.590130 1.492019 1740089757.206192
0.542692 1.480994 -1.789070 -0.425646 0.422228 -1.503593 0.453994 -1.042335 1.996595 -0.351024 -0.579721 1.487709 1740089757.207303
0.546941 1.481570 -1.786792 -0.422403 0.419938 -1.497783 0.455731 -1.049918 2.001007 -0.350585 -0.573080 1.484833 1740089757.227096
0.551436 1.481759 -1.784636 -0.419599 0.418156 -1.492614 0.457425 -1.057074 2.005254 -0.350166 -0.566887 1.482046 1740089757.228345
0.549422 1.482327 -1.786753 -0.420499 0.418535 -1.491434 0.457292 -1.061182 2.004120 -0.350093 -0.563240 1.481230 1740089757.245358
0.556570 1.494590 -1.802007 -0.420190 0.423534 -1.497133 0.457251 -1.069657 2.002892 -0.350715 -0.558813 1.483712 1740089757.246345
0.564315 1.507947 -1.817414 -0.419533 0.429395 -1.503310 0.457086 -1.078999 2.000950 -0.351315 -0.554503 1.486074 1740089757.289033
0.572589 1.521694 -1.835369 -0.418573 0.435984 -1.509800 0.456647 -1.088973 1.997815 -0.351882 -0.550380 1.488276 1740089757.290309
0.581835 1.535993 -1.859066 -0.417306 0.443467 -1.516732 0.455789 -1.099798 1.992888 -0.352431 -0.546327 1.490380 1740089757.291347
0.592282 1.550624 -1.887921 -0.415792 0.451620 -1.523864 0.454429 -1.111135 1.985815 -0.352946 -0.542452 1.492329 1740089757.292372
0.604615 1.566089 -1.920570 -0.414026 0.460559 -1.531272 0.452482 -1.123147 1.976029 -0.353435 -0.538677 1.494163 1740089757.296626
0.619815 1.583071 -1.956402 -0.411949 0.470648 -1.539186 0.449806 -1.136305 1.962491 -0.353915 -0.534866 1.495943 1740089757.304218
0.636856 1.599988 -1.991717 -0.409725 0.481151 -1.546987 0.446609 -1.149341 1.945875 -0.354349 -0.531288 1.497542 1740089757.322493
0.656391 1.617252 -2.030099 -0.407229 0.492720 -1.555117 0.442813 -1.162117 1.925648 -0.354765 -0.527709 1.499066 1740089757.323511
0.678255 1.634619 -2.070853 -0.404487 0.505284 -1.563446 0.438639 -1.174321 1.902226 -0.355158 -0.524165 1.500492 1740089757.347728
0.699128 1.649715 -2.107767 -0.401904 0.517047 -1.570809 0.434851 -1.184359 1.879474 -0.355478 -0.521110 1.501648 1740089757.349717
0.724190 1.666253 -2.149731 -0.398827 0.531044 -1.579066 0.430616 -1.194735 1.851880 -0.355809 -0.517749 1.502837 1740089757.369720
0.750674 1.682019 -2.191512 -0.395578 0.545882 -1.587286 0.426519 -1.204035 1.822446 -0.356108 -0.514453 1.503908 1740089757.370749
0.777097 1.695970 -2.230790 -0.392298 0.560984 -1.595147 0.422778 -1.211824 1.792672 -0.356367 -0.511332 1.504828 1740089757.401438
0.804188 1.708147 -2.268798 -0.388832 0.577130 -1.603043 0.419222 -1.218358 1.761375 -0.356598 -0.508217 1.505647 1740089757.402745
0.829964 1.717341 -2.303416 -0.385382 0.593435 -1.610527 0.416023 -1.223118 1.730601 -0.356789 -0.505268 1.506322 1740089757.408515
0.852858 1.722981 -2.333314 -0.382133 0.609053 -1.617270 0.413234 -1.225951 1.702109 -0.356938 -0.502606 1.506841 1740089757.424301
0.876813 1.725233 -2.364115 -0.378438 0.627172 -1.624604 0.410200 -1.227106 1.670453 -0.357071 -0.499689 1.507302 1740089757.425383
0.894858 1.723295 -2.387280 -0.375334 0.642733 -1.630510 0.407711 -1.226357 1.644635 -0.357155 -0.497314 1.507585 1740089757.447949
0.911580 1.717924 -2.408835 -0.372070 0.659478 -1.636479 0.405406 -1.224495 1.618590 -0.357216 -0.494879 1.507786 1740089757.475260
0.927103 1.707751 -2.429044 -0.368471 0.678461 -1.642788 0.403218 -1.221401 1.591440 -0.357252 -0.492253 1.507890 1740089757.476767
0.938418 1.693996 -2.444055 -0.365160 0.696489 -1.648347 0.401461 -1.217687 1.568142 -0.357256 -0.489879 1.507875 1740089757.489560
0.947081 1.674937 -2.456040 -0.361791 0.715933 -1.653891 0.399822 -1.213015 1.545876 -0.357231 -0.487437 1.507745 1740089757.490544
0.952863 1.652433 -2.464980 -0.358874 0.735375 -1.658992 0.398357 -1.207794 1.526688 -0.357176 -0.485104 1.507503 1740089757.545092
0.956138 1.625937 -2.471365 -0.356317 0.755472 -1.663822 0.396946 -1.201945 1.510196 -0.357091 -0.482792 1.507139 1740089757.546376
