0.126208 0.045854 -0.187937 0.108243 -0.079659 -0.108221 -0.180316 0.050265 -0.196540 -0.046524 -0.054075 -0.189476
0.092302 0.047006 -0.184146 0.138486 -0.078487 -0.124336 -0.182609 0.049897 -0.197247 -0.055178 -0.054204 -0.193958
0.086418 0.047811 -0.183459 0.143808 -0.077364 -0.128199 -0.182825 0.049854 -0.197546 -0.057834 -0.054091 -0.194495
0.080633 0.048745 -0.182754 0.148959 -0.076066 -0.132248 -0.182756 0.049809 -0.197984 -0.060889 -0.053956 -0.195034
0.075440 0.049703 -0.182067 0.153569 -0.074722 -0.136107 -0.182452 0.049770 -0.198271 -0.064081 -0.053820 -0.195556
0.069755 0.050853 -0.181229 0.158635 -0.072965 -0.140598 -0.181891 0.049738 -0.198075 -0.068192 -0.053661 -0.196213
0.064750 0.051966 -0.180383 0.163153 -0.071159 -0.144761 -0.181220 0.049723 -0.197070 -0.072451 -0.053513 -0.196898
0.060254 0.053082 -0.179513 0.167306 -0.069335 -0.148685 -0.180208 0.049736 -0.195360 -0.076970 -0.053372 -0.197648
0.055655 0.054385 -0.178483 0.171736 -0.067307 -0.152891 -0.178279 0.049794 -0.192875 -0.082496 -0.053209 -0.198596
0.051952 0.055548 -0.177510 0.175457 -0.065602 -0.156502 -0.176092 0.049857 -0.190186 -0.087757 -0.053046 -0.199532
0.048338 0.056794 -0.176389 0.179285 -0.063948 -0.160337 -0.173330 0.049930 -0.186842 -0.093722 -0.052857 -0.200635
0.045548 0.057870 -0.175352 0.182550 -0.062585 -0.163645 -0.170480 0.050002 -0.183660 -0.099148 -0.052684 -0.201668
0.042953 0.059022 -0.174161 0.186001 -0.061087 -0.167234 -0.166828 0.050096 -0.180064 -0.105292 -0.052490 -0.202826
0.040813 0.060160 -0.172893 0.189211 -0.059561 -0.170898 -0.162552 0.050211 -0.176333 -0.111714 -0.052290 -0.203987
0.039336 0.061105 -0.171754 0.191526 -0.058266 -0.174097 -0.158480 0.050328 -0.173101 -0.117286 -0.052118 -0.204932
0.038170 0.062008 -0.170572 0.193180 -0.057026 -0.177378 -0.154128 0.050461 -0.169997 -0.122751 -0.051951 -0.205784
0.037283 0.062851 -0.169365 0.194138 -0.055880 -0.180511 -0.149659 0.050604 -0.167210 -0.127894 -0.051798 -0.206504
0.036614 0.063742 -0.168014 0.194682 -0.054730 -0.183483 -0.144638 0.050766 -0.164622 -0.133120 -0.051645 -0.207145
0.036232 0.064585 -0.166704 0.195036 -0.053742 -0.185639 -0.139777 0.050919 -0.162727 -0.137624 -0.051519 -0.207612
0.035690 0.065463 -0.165236 0.195285 -0.052718 -0.187161 -0.134544 0.051073 -0.161451 -0.141923 -0.051398 -0.207957
0.035480 0.066241 -0.163598 0.195188 -0.051638 -0.188120 -0.129368 0.051210 -0.161015 -0.145790 -0.051278 -0.208133
0.036663 0.066999 -0.161311 0.194681 -0.050427 -0.188790 -0.123431 0.051336 -0.161565 -0.149626 -0.051148 -0.208194
0.038440 0.067868 -0.158456 0.193823 -0.049309 -0.189209 -0.117377 0.051422 -0.162975 -0.152784 -0.051035 -0.208232
0.041347 0.069124 -0.154043 0.192342 -0.048053 -0.189591 -0.109922 0.051500 -0.165347 -0.156028 -0.050913 -0.208265
0.045598 0.070686 -0.148076 0.190122 -0.046722 -0.189976 -0.101361 0.051587 -0.168521 -0.159198 -0.050788 -0.208289
0.049398 0.072374 -0.142041 0.187578 -0.045531 -0.190295 -0.093231 0.051685 -0.171790 -0.161858 -0.050681 -0.208301
0.053841 0.074153 -0.135302 0.184434 -0.044298 -0.190578 -0.084559 0.051825 -0.175443 -0.164483 -0.050573 -0.208298
0.058769 0.075893 -0.128394 0.180774 -0.043058 -0.190792 -0.075760 0.052013 -0.179364 -0.167037 -0.050468 -0.208272
0.063911 0.077557 -0.121991 0.176725 -0.041836 -0.190910 -0.067543 0.052234 -0.183310 -0.169507 -0.050368 -0.208214
0.069181 0.079237 -0.116537 0.172318 -0.040622 -0.190918 -0.060849 0.052429 -0.186991 -0.171945 -0.050270 -0.208114
0.074445 0.080937 -0.112091 0.167613 -0.039411 -0.190799 -0.055483 0.052657 -0.190393 -0.174373 -0.050168 -0.207967
0.079616 0.082589 -0.108758 0.162617 -0.038186 -0.190546 -0.051539 0.052885 -0.193423 -0.176810 -0.050061 -0.207768
0.084423 0.084069 -0.106773 0.157614 -0.036991 -0.190181 -0.049305 0.053047 -0.195880 -0.179049 -0.049961 -0.207547
0.089368 0.085465 -0.106088 0.152168 -0.035729 -0.189679 -0.048690 0.053114 -0.197925 -0.181257 -0.049858 -0.207295
0.094395 0.086681 -0.106530 0.146607 -0.034606 -0.189055 -0.049151 0.053135 -0.199430 -0.183263 -0.049760 -0.207032
0.099298 0.087699 -0.107732 0.141285 -0.033688 -0.188343 -0.049802 0.053188 -0.200380 -0.184962 -0.049673 -0.206779
0.105005 0.088750 -0.109810 0.135252 -0.032727 -0.187382 -0.050399 0.053290 -0.201016 -0.186635 -0.049582 -0.206496
0.110587 0.089656 -0.112295 0.129542 -0.031869 -0.186304 -0.050680 0.053434 -0.201362 -0.187988 -0.049505 -0.206234
0.115485 0.090336 -0.114751 0.124684 -0.031184 -0.185251 -0.050769 0.053584 -0.201507 -0.188960 -0.049445 -0.206018
0.122695 0.091148 -0.118621 0.117773 -0.030289 -0.183519 -0.050929 0.053811 -0.201537 -0.190077 -0.049373 -0.205722
0.129518 0.091694 -0.122536 0.111423 -0.029564 -0.181667 -0.051310 0.054016 -0.201429 -0.190800 -0.049320 -0.205465
0.136661 0.092052 -0.126893 0.104885 -0.028934 -0.179474 -0.052200 0.054200 -0.201238 -0.191213 -0.049284 -0.205218
0.142042 0.092292 -0.130304 0.100069 -0.028560 -0.177655 -0.053324 0.054310 -0.201073 -0.191302 -0.049273 -0.205022
0.148045 0.092558 -0.134281 0.094802 -0.028258 -0.175445 -0.055263 0.054391 -0.200887 -0.190958 -0.049278 -0.204655
0.154229 0.092787 -0.138537 0.089489 -0.028093 -0.172955 -0.058229 0.054424 -0.200702 -0.189806 -0.049296 -0.203907
0.159941 0.092913 -0.142661 0.084650 -0.028100 -0.170420 -0.062203 0.054401 -0.200519 -0.187583 -0.049321 -0.202560
0.164986 0.092914 -0.146522 0.080342 -0.028267 -0.167971 -0.067051 0.054343 -0.200323 -0.184627 -0.049308 -0.200466
0.169622 0.092775 -0.150351 0.076202 -0.028601 -0.165522 -0.072976 0.054282 -0.200116 -0.180977 -0.049257 -0.197631
0.174050 0.092098 -0.154487 0.071893 -0.029517 -0.163018 -0.080640 0.054172 -0.199927 -0.176113 -0.049241 -0.194018
0.177157 0.090860 -0.157951 0.068432 -0.030939 -0.161177 -0.087812 0.054015 -0.199817 -0.171299 -0.049293 -0.190913
0.180014 0.088943 -0.161746 0.064731 -0.033036 -0.159435 -0.096019 0.053809 -0.199735 -0.165506 -0.049395 -0.187563
0.182355 0.086573 -0.165519 0.061092 -0.035606 -0.158016 -0.104228 0.053587 -0.199764 -0.159536 -0.049519 -0.184164
0.184012 0.084201 -0.168811 0.057932 -0.038184 -0.157035 -0.111234 0.053378 -0.199946 -0.154385 -0.049632 -0.181141
0.185765 0.080780 -0.173125 0.053884 -0.041902 -0.155983 -0.120235 0.053086 -0.200272 -0.147958 -0.049795 -0.177073
0.186839 0.077623 -0.176926 0.050545 -0.045379 -0.155281 -0.127800 0.052805 -0.200625 -0.142816 -0.049962 -0.173538
0.187490 0.074460 -0.180719 0.047486 -0.048910 -0.154738 -0.134952 0.052514 -0.200981 -0.138072 -0.050166 -0.170145
0.187899 0.071263 -0.184426 0.044684 -0.052486 -0.154327 -0.141767 0.052222 -0.201327 -0.133614 -0.050394 -0.166875
0.188239 0.068540 -0.187412 0.042517 -0.055518 -0.154073 -0.147215 0.051978 -0.201612 -0.130022 -0.050599 -0.164206
0.188766 0.065893 -0.190202 0.040542 -0.058482 -0.153909 -0.152390 0.051728 -0.201903 -0.126563 -0.050808 -0.161665
0.189207 0.063978 -0.192338 0.039017 -0.060771 -0.153809 -0.156389 0.051518 -0.202149 -0.123828 -0.050979 -0.159758
0.189473 0.062660 -0.193872 0.037897 -0.062570 -0.153764 -0.159392 0.051348 -0.202355 -0.121706 -0.051112 -0.158417
0.189524 0.061959 -0.194759 0.037296 -0.063864 -0.153781 -0.161212 0.051242 -0.202498 -0.120403 -0.051199 -0.157585
0.188980 0.062046 -0.194674 0.037675 -0.063651 -0.152559 -0.162632 0.051201 -0.202177 -0.118782 -0.051230 -0.157685
0.187920 0.061620 -0.194185 0.037965 -0.063968 -0.150051 -0.164171 0.051177 -0.201603 -0.116492 -0.051261 -0.157850
0.186109 0.060854 -0.193548 0.039922 -0.064288 -0.146138 -0.166058 0.051141 -0.200892 -0.112682 -0.051303 -0.158448
0.184146 0.060030 -0.193017 0.043402 -0.064637 -0.141990 -0.167565 0.051106 -0.200323 -0.108360 -0.051337 -0.159550
0.181684 0.059032 -0.192486 0.047574 -0.065478 -0.137115 -0.169047 0.051064 -0.199764 -0.102505 -0.051384 -0.161428
0.178797 0.057917 -0.191991 0.052453 -0.066695 -0.131870 -0.170440 0.051018 -0.199245 -0.095611 -0.051439 -0.163944
0.175590 0.056746 -0.191558 0.057758 -0.068043 -0.126552 -0.171706 0.050968 -0.198781 -0.088268 -0.051528 -0.166731
0.172121 0.055554 -0.191185 0.063057 -0.069414 -0.121449 -0.172853 0.050915 -0.198371 -0.080813 -0.051673 -0.169540
0.168053 0.054238 -0.190828 0.068580 -0.070901 -0.116440 -0.173994 0.050853 -0.197978 -0.072856 -0.051900 -0.172499
0.163867 0.052965 -0.190517 0.073683 -0.072279 -0.112373 -0.175000 0.050790 -0.197648 -0.065721 -0.052168 -0.175211
0.158896 0.051547 -0.190189 0.079293 -0.073707 -0.108858 -0.176028 0.050717 -0.197334 -0.058841 -0.052474 -0.178133
0.155950 0.050752 -0.190005 0.082380 -0.074447 -0.107376 -0.176570 0.050674 -0.197179 -0.055529 -0.052670 -0.179714
0.148747 0.048946 -0.189562 0.089143 -0.076062 -0.105434 -0.177726 0.050570 -0.196887 -0.049506 -0.053211 -0.183020
0.143538 0.047864 -0.189232 0.093636 -0.077109 -0.105171 -0.178441 0.050497 -0.196738 -0.046883 -0.053563 -0.184972
0.138090 0.046995 -0.188864 0.098229 -0.078063 -0.105562 -0.179104 0.050422 -0.196630 -0.045631 -0.053827 -0.186659
0.131886 0.046285 -0.188407 0.103434 -0.078980 -0.106695 -0.179771 0.050339 -0.196560 -0.045708 -0.053990 -0.188235
