# Joint velocities matrix
# Order: fl_hip, fr_hip, rl_hip, rr_hip, fl_thigh, fr_thigh, rl_thigh, rr_thigh, fl_calf, fr_calf, rl_calf, rr_calf
-0.370025 -1.061249 -0.067871 -0.079637 1.100997 -2.459257 -0.733277 1.083134 0.430322 2.635442 1.189104 0.332574
-0.543741 -1.475255 -0.124918 -0.118206 1.517072 -3.430687 -1.320810 1.671170 0.582740 3.768133 2.055813 0.422442
-0.355115 -0.816382 -0.123493 -0.081805 0.833509 -1.955240 -1.261564 1.244705 0.287480 2.314467 1.843164 0.146034
-0.365478 -0.747425 -0.149468 -0.089926 0.796575 -1.904864 -1.493134 1.395362 0.221041 2.367482 2.130612 0.038388
-0.373971 -0.692860 -0.172749 -0.095898 0.765569 -1.884494 -1.710214 1.535161 0.136896 2.436780 2.338522 -0.080591
-0.354178 -0.620111 -0.179679 -0.092909 0.683281 -1.745249 -1.793755 1.550936 0.026773 2.340093 2.292208 -0.184268
-0.347939 -0.589367 -0.191665 -0.091271 0.637163 -1.658780 -1.933844 1.608100 -0.088906 2.341708 2.280515 -0.275070
-0.354976 -0.582357 -0.211572 -0.090838 0.625898 -1.589749 -2.137403 1.702224 -0.209211 2.426444 2.325342 -0.362755
-0.343182 -0.543177 -0.215761 -0.083549 0.593978 -1.383041 -2.192118 1.669430 -0.313528 2.370680 2.181743 -0.410214
-0.303097 -0.454508 -0.192970 -0.067999 0.523703 -1.043598 -2.002062 1.458277 -0.370299 2.047564 1.792267 -0.394106
-0.315086 -0.421045 -0.188748 -0.061667 0.536071 -0.859916 -2.071295 1.435919 -0.478689 1.887348 1.598382 -0.416289
-0.345170 -0.392593 -0.179300 -0.056868 0.569088 -0.737264 -2.167528 1.434505 -0.594827 1.671241 1.390447 -0.432754
-0.352583 -0.337025 -0.137121 -0.046325 0.594212 -0.513206 -2.030410 1.286365 -0.631154 1.176370 0.926770 -0.390558
-0.342486 -0.306768 -0.084737 -0.037914 0.619038 -0.283535 -1.791281 1.124621 -0.743926 0.736507 0.439141 -0.321630
-0.354965 -0.294610 -0.021841 -0.032104 0.673867 -0.064100 -1.569966 0.995331 -1.183903 0.395682 -0.115469 -0.262278
-0.441491 -0.294053 0.036198 -0.029923 0.828239 0.101288 -1.461835 0.929325 -1.725457 0.192827 -0.636341 -0.251641
-0.656944 -0.308068 0.098063 -0.030020 1.170952 0.300801 -1.397518 0.907574 -2.565617 0.022132 -1.287112 -0.272443
-0.916277 -0.325008 0.142185 -0.030381 1.517198 0.507336 -1.298141 0.901162 -3.446049 -0.106432 -1.912919 -0.293497
-1.095135 -0.307003 0.154621 -0.027499 1.631992 0.663922 -1.011963 0.805679 -3.694738 -0.209237 -2.312994 -0.280690
-1.306879 -0.308863 0.160396 -0.026471 1.725346 0.844729 -0.762868 0.778566 -3.926980 -0.312460 -2.786068 -0.284627
-1.438324 -0.305345 0.155123 -0.024773 1.647370 0.996351 -0.463281 0.749014 -3.998490 -0.400652 -3.168021 -0.281402
-1.487977 -0.295301 0.142488 -0.022372 1.374954 1.119257 -0.108569 0.712604 -3.778726 -0.474565 -3.403678 -0.269366
-1.513868 -0.294518 0.132539 -0.020595 0.971256 1.258163 0.240051 0.707338 -3.444457 -0.550396 -3.448862 -0.263385
-1.453078 -0.289039 0.112857 -0.019041 0.450435 1.361568 0.524754 0.694444 -2.915036 -0.606104 -3.217098 -0.250198
-1.295216 -0.277963 0.088100 -0.017712 -0.030377 1.401990 0.664539 0.666332 -2.326553 -0.627120 -2.826526 -0.230099
-1.122152 -0.291511 0.077184 -0.017313 -0.582053 1.543418 0.778471 0.673993 -1.801861 -0.682967 -2.434019 -0.223495
-0.833354 -0.300914 0.075061 -0.016280 -1.164115 1.649755 0.806404 0.653408 -1.184905 -0.710305 -1.830406 -0.210461
-0.454821 -0.267610 0.064039 -0.013783 -1.622747 1.608998 0.690514 0.567724 -0.524314 -0.669298 -1.080599 -0.176179
-0.196003 -0.233641 0.041994 -0.012381 -2.032210 1.648883 0.545690 0.512778 -0.085057 -0.668745 -0.640148 -0.151437
0.010560 -0.219236 0.014116 -0.011558 -2.494800 1.769712 0.386747 0.474861 0.322184 -0.703763 -0.369191 -0.130295
0.178806 -0.209608 -0.011302 -0.010181 -2.841970 1.844784 0.237228 0.417666 0.702749 -0.723450 -0.212803 -0.101602
0.303381 -0.189380 -0.030463 -0.008085 -2.962990 1.816940 0.117638 0.336651 1.001016 -0.708036 -0.116422 -0.066440
0.414838 -0.171860 -0.043354 -0.006031 -3.115105 1.848089 0.039840 0.262770 1.301810 -0.721310 -0.010611 -0.030604
0.499621 -0.151005 -0.048539 -0.003736 -3.181932 1.866122 0.000425 0.187941 1.550928 -0.734322 0.106225 0.005989
0.531536 -0.120195 -0.045673 -0.001153 -3.001544 1.769110 -0.005700 0.106226 1.659978 -0.706375 0.213470 0.040755
0.580159 -0.095552 -0.042171 0.002621 -3.044805 1.818925 0.019179 0.027122 1.905486 -0.742416 0.352541 0.088340
0.618427 -0.067933 -0.035446 0.010887 -3.188964 1.931290 0.081833 -0.114596 2.232189 -0.810817 0.531011 0.221679
0.575832 -0.026946 -0.021832 0.023343 -2.934860 1.810108 0.169126 -0.360433 2.273588 -0.787620 0.666774 0.477339
0.562618 0.015967 -0.008865 0.043900 -2.766242 1.753421 0.294126 -0.761604 2.354009 -0.797135 0.841476 0.932530
0.569683 0.059193 0.000644 0.068798 -2.652586 1.738086 0.447802 -1.226564 2.446101 -0.817114 1.028176 1.512903
0.550601 0.103534 0.005378 0.089569 -2.365730 1.620325 0.611888 -1.599501 2.369580 -0.766615 1.130062 2.013578
0.572055 0.176018 0.009299 0.110916 -2.103569 1.516563 0.805043 -1.885734 2.280108 -0.692477 1.163446 2.338584
0.643568 0.302978 0.020509 0.131279 -1.783199 1.359698 0.989488 -2.050778 2.097714 -0.571656 1.086089 2.396550
0.937300 0.579345 0.042572 0.182620 -1.830621 1.479736 1.459185 -2.676743 2.381559 -0.510527 1.134732 2.818322
1.104414 0.777433 0.056111 0.209473 -1.719860 1.433107 1.748611 -2.947169 2.440423 -0.355879 0.959388 2.876116
1.032797 0.813151 0.059116 0.196214 -1.300891 1.093416 1.678621 -2.579760 2.048045 -0.098860 0.507674 2.370550
1.045852 0.884406 0.066640 0.202957 -1.148516 0.946645 1.736244 -2.472760 1.970071 0.061429 0.227164 2.205703
1.135817 1.021740 0.080129 0.231543 -1.114444 0.873369 1.923359 -2.530475 2.103409 0.206672 -0.008961 2.216918
1.169174 1.104480 0.088690 0.256392 -1.055619 0.765443 2.015958 -2.494134 2.205991 0.323472 -0.213066 2.136890
1.081453 1.066332 0.085560 0.256813 -0.925318 0.592107 1.899713 -2.251456 2.109176 0.388229 -0.361283 1.861413
0.966033 0.986273 0.078132 0.244740 -0.828095 0.436847 1.719427 -1.993014 1.933650 0.414179 -0.445224 1.583991
0.806078 0.848374 0.068109 0.216928 -0.741240 0.296482 1.461826 -1.678833 1.668669 0.399647 -0.465455 1.276460
0.673697 0.740119 0.063245 0.195456 -0.694708 0.211125 1.293885 -1.470942 1.495661 0.389258 -0.478790 1.057038
0.517183 0.614544 0.055902 0.162314 -0.579174 0.147516 1.086530 -1.219062 1.242834 0.350392 -0.449416 0.813590
0.317310 0.437752 0.040160 0.109720 -0.365892 0.074988 0.743844 -0.825065 0.811155 0.254074 -0.336885 0.511589
0.127006 0.239936 0.019650 0.056067 -0.088784 0.180877 0.498985 -0.596938 0.326266 -0.147251 -0.158268 0.208702
0.050800 0.217323 -0.005447 0.012926 0.292944 0.658824 0.376290 -0.641968 -0.259207 -0.965252 0.086483 -0.064981
0.099148 0.339323 -0.017900 -0.011541 0.570650 1.044522 0.318320 -0.780992 -0.616409 -1.722755 0.212761 -0.264777
0.152670 0.436897 -0.016576 -0.042661 0.723096 1.164049 0.317382 -0.930189 -0.708187 -2.507281 0.202581 -0.566463
0.190773 0.593617 -0.014209 -0.082995 0.840147 1.223308 0.303324 -1.027840 -0.751710 -3.071563 0.182094 -0.990627
0.224005 0.814275 -0.011270 -0.124440 0.952646 1.221897 0.287217 -1.053179 -0.774237 -3.330204 0.159372 -1.512962
0.246047 0.971546 -0.008400 -0.145720 1.035386 1.122135 0.269967 -0.966001 -0.768217 -3.423456 0.136984 -1.918180
0.262757 1.076902 -0.005485 -0.141989 1.108915 0.957649 0.252243 -0.817034 -0.742445 -3.385565 0.113844 -2.219811
0.288946 1.188320 -0.002911 -0.126309 1.236684 0.779424 0.250006 -0.680420 -0.746120 -3.325207 0.097157 -2.535924
0.311023 1.231523 0.000173 -0.102488 1.362636 0.478762 0.246645 -0.479413 -0.736761 -3.056257 0.078254 -2.757700
0.305282 1.112986 0.003023 -0.081001 1.376497 0.074333 0.226680 -0.210737 -0.669190 -2.511740 0.055672 -2.669322
0.302072 0.949209 0.005639 -0.063923 1.413004 -0.377741 0.212347 0.063018 -0.610733 -1.977147 0.034068 -2.527491
0.291052 0.761230 0.007705 -0.039373 1.412854 -0.725164 0.197816 0.230811 -0.548689 -1.465646 0.015708 -2.266730
0.293024 0.596892 0.010996 -0.017202 1.562756 -1.214946 0.201787 0.393654 -0.526703 -0.977868 -0.005286 -2.060158
0.264107 0.441565 0.013708 -0.015090 1.671102 -1.616165 0.202909 0.501712 -0.495362 -0.592707 -0.024885 -1.734691
0.188607 0.222764 0.015443 -0.026792 1.632962 -1.898409 0.186054 0.551322 -0.407750 -0.158997 -0.046211 -1.125256
0.135429 0.063977 0.017152 -0.038935 1.649105 -2.153566 0.179865 0.582735 -0.350244 0.150136 -0.064657 -0.750787
0.074886 -0.083696 0.017095 -0.039465 1.504963 -2.160415 0.158334 0.532430 -0.263267 0.402266 -0.076303 -0.446120
0.024339 -0.279928 0.021401 -0.038208 1.742077 -2.718673 0.178183 0.570956 -0.230778 0.788901 -0.112516 -0.338590
-0.018472 -0.377047 0.020441 -0.025688 1.583617 -2.593072 0.160174 0.470947 -0.160222 0.919679 -0.119264 -0.243255
-0.058783 -0.437402 0.017162 -0.018036 1.251399 -2.157696 0.125880 0.339831 -0.071775 0.937286 -0.113513 -0.111700
-0.128883 -0.742414 0.023215 -0.035405 1.631162 -2.912629 0.165432 0.465324 -0.018582 1.468179 -0.172713 -0.003279
-0.178857 -0.884970 0.023583 -0.046614 1.618780 -2.998017 0.166983 0.503284 0.083493 1.732603 -0.197158 0.120050
-0.209531 -0.880317 0.021721 -0.051396 1.368073 -2.671204 0.142290 0.496463 0.205813 1.810538 -0.206535 0.218914
-0.241113 -0.909378 0.024745 -0.056433 1.282891 -2.587367 0.110950 0.542178 0.287322 1.960344 -0.236249 0.278871
-0.261035 -0.898491 0.023596 -0.058425 1.165260 -2.406948 0.027905 0.589137 0.335638 2.025083 -0.186768 0.309434
-0.316217 -1.024188 0.010577 -0.068989 1.217626 -2.584257 -0.133499 0.759589 0.414750 2.388045 0.051830 0.365734
-0.184362 -0.586807 -0.000447 -0.040152 0.667962 -1.436942 -0.129923 0.461525 0.242651 1.384235 0.129625 0.209206
