# Joint angles matrix: 162 frames, 12 joints per frame + timestamp
# Order: fr[gamma,alpha,beta] fl[gamma,alpha,beta] hr[gamma,alpha,beta] hl[gamma,alpha,beta] timestamp
0.120604 1.336436 -2.299050 -0.249268 0.792140 -1.564847 0.204108 -1.089439 1.352077 -0.216010 -0.428722 1.386887 1743113225.860856
0.116768 1.308053 -2.293790 -0.250417 0.809771 -1.567183 0.203295 -1.083635 1.348256 -0.216198 -0.426979 1.385960 1743113225.862652
0.113392 1.278588 -2.287096 -0.251325 0.827487 -1.569196 0.202537 -1.078033 1.345104 -0.216372 -0.425253 1.384929 1743113225.863290
0.110492 1.247351 -2.278759 -0.252006 0.845741 -1.570914 0.201783 -1.072618 1.342303 -0.216535 -0.423497 1.383758 1743113225.863840
0.108402 1.217657 -2.269737 -0.252408 0.862684 -1.572180 0.201080 -1.068024 1.339854 -0.216671 -0.421883 1.382567 1743113225.864418
0.106994 1.188031 -2.259725 -0.252582 0.879266 -1.573104 0.200420 -1.063844 1.337717 -0.216788 -0.420314 1.381301 1743113225.864949
0.106282 1.156582 -2.248022 -0.252529 0.896583 -1.573726 0.199856 -1.059462 1.336313 -0.216892 -0.418681 1.379865 1743113225.865499
0.106413 1.126457 -2.235785 -0.252247 0.912952 -1.573976 0.199435 -1.055238 1.335736 -0.216974 -0.417138 1.378393 1743113225.865998
0.107444 1.095644 -2.222216 -0.251722 0.929524 -1.573878 0.199110 -1.050815 1.335868 -0.217036 -0.415570 1.376780 1743113225.866492
0.109174 1.066025 -2.208037 -0.250972 0.945290 -1.573326 0.198890 -1.046415 1.336635 -0.217076 -0.414072 1.375124 1743113225.867009
0.111239 1.035912 -2.192240 -0.249939 0.961065 -1.572066 0.198746 -1.041773 1.338000 -0.217095 -0.412566 1.373344 1743113225.869006
0.113521 1.006505 -2.175501 -0.248668 0.976205 -1.570202 0.198673 -1.037016 1.339847 -0.217090 -0.411110 1.371509 1743113225.878506
0.116159 0.975893 -2.156738 -0.247069 0.991664 -1.567652 0.198655 -1.031764 1.342256 -0.217060 -0.409602 1.369490 1743113225.888520
0.119005 0.945960 -2.137064 -0.245242 1.006554 -1.564603 0.198682 -1.026250 1.345045 -0.216989 -0.408180 1.367225 1743113225.899301
0.122135 0.916331 -2.116205 -0.243209 1.021296 -1.561074 0.198742 -1.020312 1.348198 -0.216860 -0.407039 1.364498 1743113225.909209
0.125270 0.889192 -2.095882 -0.241149 1.034760 -1.557429 0.198816 -1.014372 1.351390 -0.216725 -0.406397 1.362026 1743113225.919544
0.128656 0.861953 -2.074310 -0.238881 1.048181 -1.553409 0.198900 -1.007839 1.354845 -0.216617 -0.406316 1.360073 1743113225.929750
0.132151 0.835833 -2.052522 -0.236527 1.060919 -1.549252 0.198983 -1.000948 1.358353 -0.216581 -0.406949 1.359215 1743113225.941167
0.136123 0.809076 -2.029103 -0.234002 1.073876 -1.544729 0.199060 -0.993151 1.362090 -0.216667 -0.408532 1.359978 1743113225.951226
0.140276 0.783552 -2.005739 -0.231478 1.086156 -1.540212 0.199119 -0.984907 1.365732 -0.216922 -0.411156 1.362912 1743113225.960685
0.144652 0.758588 -1.981940 -0.228887 1.098087 -1.535651 0.199157 -0.975963 1.369303 -0.217402 -0.415037 1.368595 1743113225.971282
0.149054 0.734915 -1.958531 -0.226300 1.109322 -1.531245 0.199170 -0.966560 1.372630 -0.218122 -0.420198 1.377168 1743113225.981424
0.153823 0.710349 -1.933409 -0.223464 1.120882 -1.526647 0.199155 -0.955712 1.375936 -0.219101 -0.427405 1.389207 1743113225.992209
0.158277 0.688002 -1.909865 -0.220730 1.131294 -1.522499 0.199114 -0.944748 1.378730 -0.220170 -0.435928 1.402905 1743113226.003541
0.162838 0.665276 -1.885303 -0.217778 1.141752 -1.518382 0.199046 -0.932383 1.381264 -0.221407 -0.446882 1.419491 1743113226.014005
0.167160 0.643450 -1.861135 -0.214783 1.151670 -1.514592 0.198965 -0.919237 1.383303 -0.222741 -0.459710 1.437899 1743113226.023141
0.171210 0.622322 -1.837034 -0.211807 1.161219 -1.511136 0.198894 -0.905326 1.384798 -0.224265 -0.473704 1.458010 1743113226.034179
0.174725 0.602821 -1.814127 -0.209005 1.169982 -1.508203 0.198828 -0.891429 1.385648 -0.225880 -0.488029 1.478502 1743113226.045276
0.177872 0.583544 -1.790834 -0.206184 1.178583 -1.505619 0.198753 -0.876671 1.385866 -0.227668 -0.503609 1.500472 1743113226.053944
0.180692 0.563967 -1.766560 -0.203282 1.187212 -1.503405 0.198659 -0.860677 1.385344 -0.229661 -0.520906 1.524308 1743113226.065450
0.183342 0.545172 -1.742898 -0.200496 1.195297 -1.501776 0.198560 -0.844536 1.384162 -0.231702 -0.538785 1.548186 1743113226.077606
0.185934 0.526749 -1.719269 -0.197764 1.203048 -1.500731 0.198459 -0.827934 1.382371 -0.233806 -0.557607 1.572367 1743113226.087469
0.188378 0.509404 -1.696493 -0.195185 1.210216 -1.500339 0.198363 -0.811521 1.380108 -0.235863 -0.576626 1.595706 1743113226.097231
0.190777 0.492471 -1.673595 -0.192653 1.217136 -1.500597 0.198274 -0.794668 1.377342 -0.237941 -0.596583 1.619030 1743113226.107763
0.192985 0.476996 -1.651913 -0.190302 1.223487 -1.501382 0.198199 -0.778423 1.374303 -0.239953 -0.616278 1.641212 1743113226.112942
0.195138 0.462061 -1.630074 -0.187976 1.229725 -1.502702 0.198135 -0.761824 1.370865 -0.242016 -0.636891 1.663564 1743113226.127360
0.197138 0.448343 -1.608949 -0.185767 1.235652 -1.504494 0.198088 -0.745576 1.367208 -0.244031 -0.657561 1.685070 1743113226.136451
0.199015 0.435583 -1.587960 -0.183615 1.241466 -1.506783 0.198057 -0.729320 1.363294 -0.246031 -0.678752 1.706142 1743113226.147056
0.200788 0.423515 -1.566137 -0.181434 1.247443 -1.509696 0.198044 -0.712463 1.358992 -0.248074 -0.701295 1.727432 1743113226.161043
0.202381 0.413026 -1.545302 -0.179371 1.253228 -1.513053 0.198050 -0.696200 1.354633 -0.249996 -0.723624 1.747315 1743113226.165298
0.203890 0.403801 -1.525302 -0.177368 1.259026 -1.516926 0.198077 -0.680173 1.350160 -0.251822 -0.746225 1.766144 1743113226.180341
0.205317 0.395992 -1.507027 -0.175463 1.264693 -1.521191 0.198120 -0.664900 1.345752 -0.253473 -0.768355 1.783224 1743113226.188864
0.206799 0.388913 -1.489770 -0.173464 1.270424 -1.526092 0.198183 -0.649604 1.341216 -0.255010 -0.791158 1.799295 1743113226.200119
0.208270 0.382914 -1.474919 -0.171504 1.275895 -1.531304 0.198257 -0.635376 1.336906 -0.256296 -0.813001 1.813081 1743113226.209960
0.209766 0.377729 -1.462309 -0.169572 1.281260 -1.536847 0.198339 -0.622067 1.332813 -0.257333 -0.834065 1.824706 1743113226.221513
0.211362 0.373203 -1.451806 -0.167646 1.286752 -1.542572 0.198432 -0.609488 1.328919 -0.258112 -0.854571 1.834224 1743113226.229699
0.213291 0.369763 -1.443381 -0.165736 1.292771 -1.547698 0.198561 -0.597403 1.325256 -0.258608 -0.874503 1.841505 1743113226.241275
0.215556 0.367402 -1.436706 -0.163906 1.299248 -1.553513 0.198738 -0.585624 1.321837 -0.258788 -0.893963 1.846390 1743113226.250533
0.218092 0.366103 -1.431612 -0.162309 1.305961 -1.561672 0.198968 -0.574214 1.318747 -0.258611 -0.912692 1.848577 1743113226.262426
0.220980 0.365857 -1.427757 -0.161015 1.313217 -1.574446 0.199265 -0.562646 1.315861 -0.257996 -0.931482 1.847616 1743113226.272599
0.223844 0.366652 -1.425359 -0.159838 1.320838 -1.589745 0.199550 -0.552195 1.313147 -0.256983 -0.948703 1.843165 1743113226.283168
0.226813 0.368430 -1.423984 -0.158509 1.329727 -1.608177 0.199834 -0.542124 1.310377 -0.255591 -0.965447 1.835338 1743113226.293037
0.229820 0.371166 -1.423497 -0.156924 1.340202 -1.629735 0.200113 -0.532501 1.307585 -0.253886 -0.981411 1.824409 1743113226.305624
0.232921 0.374973 -1.423761 -0.155021 1.352857 -1.655660 0.200394 -0.523034 1.304701 -0.251858 -0.996903 1.810178 1743113226.314633
0.235994 0.379799 -1.424623 -0.153193 1.366690 -1.686520 0.200670 -0.513982 1.301817 -0.249609 -1.011324 1.793195 1743113226.325851
0.239046 0.385609 -1.426028 -0.151289 1.381710 -1.720912 0.200941 -0.505278 1.298932 -0.247173 -1.024631 1.773632 1743113226.335335
0.242156 0.392540 -1.427997 -0.148965 1.398294 -1.757833 0.201214 -0.496667 1.295976 -0.244516 -1.037046 1.751074 1743113226.344877
0.245141 0.400116 -1.430375 -0.146133 1.415131 -1.793380 0.201475 -0.488626 1.293131 -0.241830 -1.047753 1.727094 1743113226.354462
0.248105 0.408504 -1.433191 -0.143161 1.432300 -1.829914 0.201732 -0.480837 1.290308 -0.239056 -1.057103 1.701181 1743113226.365751
0.251157 0.417996 -1.436539 -0.140077 1.450079 -1.868692 0.201996 -0.473007 1.287413 -0.236113 -1.065271 1.672506 1743113226.375635
0.254242 0.428429 -1.440360 -0.136960 1.467754 -1.908493 0.202261 -0.465270 1.284510 -0.233073 -1.071901 1.641673 1743113226.386243
0.257314 0.439596 -1.444570 -0.133847 1.484602 -1.948059 0.202526 -0.457729 1.281655 -0.229988 -1.076742 1.609243 1743113226.396437
0.260488 0.451880 -1.449305 -0.130570 1.500686 -1.988111 0.202800 -0.450099 1.278756 -0.226695 -1.079720 1.573618 1743113226.406743
0.263717 0.465079 -1.454480 -0.127059 1.515071 -2.027220 0.203080 -0.442485 1.275872 -0.223378 -1.080673 1.536518 1743113226.418399
0.266824 0.478360 -1.459745 -0.123355 1.526414 -2.062544 0.203353 -0.435294 1.273173 -0.220374 -1.079625 1.501522 1743113226.427285
0.270034 0.492593 -1.465431 -0.118981 1.534995 -2.096059 0.203640 -0.427989 1.270471 -0.217562 -1.076540 1.467262 1743113226.437790
0.273371 0.507849 -1.471561 -0.113807 1.540733 -2.127823 0.203953 -0.420535 1.267760 -0.214746 -1.071795 1.433119 1743113226.448836
0.276568 0.522795 -1.477581 -0.108401 1.543337 -2.155245 0.204269 -0.413529 1.265265 -0.212158 -1.066221 1.402139 1743113226.458982
0.279814 0.538205 -1.483778 -0.102598 1.543153 -2.179969 0.204606 -0.406545 1.262844 -0.209692 -1.059845 1.372931 1743113226.468941
0.283247 0.554648 -1.490354 -0.096251 1.539949 -2.202612 0.204975 -0.399316 1.260415 -0.207313 -1.052617 1.344988 1743113226.479131
0.286756 0.571503 -1.497025 -0.089664 1.533584 -2.222016 0.205351 -0.392256 1.258078 -0.205163 -1.044982 1.319936 1743113226.490079
0.290235 0.588184 -1.503528 -0.083146 1.524312 -2.237550 0.205718 -0.385625 1.255907 -0.203343 -1.037381 1.298862 1743113226.500973
0.293860 0.605440 -1.510120 -0.076493 1.511667 -2.249866 0.206093 -0.379108 1.253803 -0.201798 -1.029622 1.281088 1743113226.510886
0.297667 0.623481 -1.516836 -0.069761 1.495227 -2.258813 0.206482 -0.372649 1.251751 -0.200559 -1.021777 1.266941 1743113226.520892
0.301216 0.641158 -1.523279 -0.063503 1.476477 -2.264728 0.206856 -0.366702 1.249899 -0.199601 -1.014601 1.256472 1743113226.532365
0.304596 0.659025 -1.529679 -0.057522 1.455243 -2.268294 0.207226 -0.361071 1.248185 -0.198802 -1.008078 1.248503 1743113226.541599
0.307895 0.677488 -1.536186 -0.051701 1.431182 -2.269663 0.207600 -0.355638 1.246578 -0.198089 -1.002316 1.242452 1743113226.552399
0.311122 0.696508 -1.542789 -0.046083 1.404452 -2.268831 0.207976 -0.350439 1.245093 -0.197421 -0.997608 1.238003 1743113226.564216
0.314280 0.715268 -1.549203 -0.040783 1.376500 -2.265984 0.208335 -0.345703 1.243797 -0.196838 -0.993968 1.234926 1743113226.573245
0.317586 0.734853 -1.555810 -0.035511 1.345922 -2.261057 0.208699 -0.341161 1.242621 -0.196280 -0.991029 1.232651 1743113226.583649
0.320917 0.754539 -1.562376 -0.030527 1.314009 -2.254264 0.209050 -0.336998 1.241617 -0.195731 -0.988838 1.230909 1743113226.595361
0.324292 0.774444 -1.568952 -0.025851 1.280782 -2.245675 0.209392 -0.333192 1.240783 -0.195154 -0.987286 1.229358 1743113226.605649
0.327569 0.793746 -1.575283 -0.021696 1.247863 -2.235819 0.209708 -0.329883 1.240149 -0.194603 -0.986290 1.228275 1743113226.614558
0.331024 0.814069 -1.581914 -0.017756 1.212675 -2.223941 0.210024 -0.326800 1.239668 -0.194047 -0.985667 1.227694 1743113226.631761
0.334460 0.834287 -1.588491 -0.014294 1.177338 -2.210703 0.210321 -0.324145 1.239383 -0.193525 -0.985372 1.227693 1743113226.632810
0.337961 0.854898 -1.595188 -0.011246 1.141171 -2.195852 0.210603 -0.321862 1.239294 -0.193027 -0.985298 1.228301 1743113226.647698
0.341406 0.875220 -1.601800 -0.008718 1.105557 -2.179957 0.210862 -0.320036 1.239411 -0.192575 -0.985349 1.229522 1743113226.657168
0.344897 0.895879 -1.608542 -0.006624 1.069571 -2.162609 0.211102 -0.318620 1.239746 -0.192157 -0.985429 1.231420 1743113226.666698
0.348301 0.916116 -1.615184 -0.005024 1.034701 -2.144527 0.211315 -0.317676 1.240294 -0.191795 -0.985438 1.233951 1743113226.678912
0.351571 0.935686 -1.621655 -0.003857 1.001460 -2.126066 0.211497 -0.317183 1.241030 -0.191490 -0.985294 1.237069 1743113226.683250
0.354941 0.956027 -1.628448 -0.002696 0.967236 -2.105721 0.211655 -0.317047 1.242000 -0.191226 -0.984893 1.241047 1743113226.697455
0.358218 0.976020 -1.635207 -0.001546 0.933905 -2.084586 0.211800 -0.317559 1.243513 -0.191021 -0.984152 1.245740 1743113226.707778
0.361421 0.995841 -1.642005 -0.000447 0.901231 -2.062600 0.211965 -0.319068 1.246020 -0.190876 -0.982982 1.251220 1743113226.718146
0.364559 1.015592 -1.648895 0.000562 0.869111 -2.039751 0.212181 -0.321952 1.249997 -0.190792 -0.981280 1.257564 1743113226.728824
0.367528 1.034684 -1.655684 0.001415 0.838539 -2.016838 0.212470 -0.326453 1.255743 -0.190774 -0.979023 1.264612 1743113226.737998
0.370541 1.054571 -1.662914 0.002139 0.807260 -1.992184 0.212896 -0.333411 1.264313 -0.190823 -0.975913 1.273000 1743113226.748660
0.373384 1.073978 -1.670150 0.002651 0.777355 -1.967418 0.213481 -0.342979 1.275896 -0.190945 -0.972001 1.282325 1743113226.759155
0.376043 1.092880 -1.677390 0.002932 0.748887 -1.942692 0.214275 -0.355495 1.290980 -0.191139 -0.967218 1.292603 1743113226.769276
0.378412 1.110669 -1.684268 0.002975 0.722773 -1.918956 0.215364 -0.369795 1.308774 -0.191377 -0.961708 1.303324 1743113226.780854
0.380598 1.128296 -1.691046 0.002785 0.697627 -1.895060 0.216783 -0.386183 1.329589 -0.191644 -0.955138 1.314812 1743113226.789866
0.382533 1.145404 -1.697517 0.002355 0.673985 -1.871566 0.218451 -0.404259 1.352579 -0.191908 -0.947544 1.326650 1743113226.800618
0.384203 1.162287 -1.703721 0.001656 0.651467 -1.848144 0.220341 -0.424249 1.377674 -0.192151 -0.938682 1.338846 1743113226.810534
0.384881 1.178491 -1.709440 0.000025 0.630662 -1.825518 0.222285 -0.445642 1.403784 -0.192454 -0.928473 1.350913 1743113226.823693
0.384306 1.194184 -1.714663 -0.002795 0.611277 -1.803454 0.224229 -0.468503 1.430615 -0.192852 -0.916810 1.362760 1743113226.828592
0.382463 1.209954 -1.719472 -0.006868 0.592557 -1.781071 0.226206 -0.493558 1.458600 -0.193343 -0.903286 1.374582 1743113226.841795
0.379473 1.225054 -1.723529 -0.011941 0.575349 -1.759371 0.228077 -0.519425 1.485782 -0.193884 -0.888598 1.385546 1743113226.851304
0.375394 1.239445 -1.726766 -0.017815 0.559450 -1.738252 0.229890 -0.545868 1.512208 -0.194454 -0.872882 1.395428 1743113226.861723
0.370173 1.253343 -1.729158 -0.024446 0.544433 -1.717256 0.231743 -0.573177 1.538574 -0.195040 -0.855953 1.404152 1743113226.872450
0.363986 1.266436 -1.730564 -0.031586 0.530529 -1.696776 0.233615 -0.600535 1.564239 -0.195607 -0.838289 1.411270 1743113226.882869
0.356975 1.278657 -1.730936 -0.039065 0.517708 -1.676885 0.235505 -0.627535 1.588990 -0.196129 -0.820153 1.416554 1743113226.892917
0.352422 1.285580 -1.730708 -0.043670 0.510480 -1.665199 0.236651 -0.643485 1.603394 -0.196422 -0.809101 1.418890 1743113226.904281
0.339790 1.301925 -1.728930 -0.055700 0.493384 -1.636045 0.239621 -0.683164 1.638716 -0.197156 -0.780479 1.422583 1743113226.913925
0.329997 1.312497 -1.726751 -0.064439 0.482181 -1.615659 0.241779 -0.710454 1.662734 -0.197681 -0.759781 1.423473 1743113226.924712
0.319672 1.322195 -1.723934 -0.073217 0.471687 -1.595527 0.243951 -0.736717 1.685772 -0.198217 -0.738976 1.423106 1743113226.935059
0.308958 1.331009 -1.720593 -0.081850 0.461933 -1.575391 0.246065 -0.762029 1.707740 -0.198766 -0.718250 1.421649 1743113226.945653
0.297721 1.339129 -1.716730 -0.090459 0.452675 -1.554794 0.248140 -0.787058 1.729073 -0.199340 -0.697262 1.419192 1743113226.956523
0.285775 1.346694 -1.712307 -0.099224 0.443637 -1.533450 0.250227 -0.812295 1.750175 -0.199948 -0.675621 1.415738 1743113226.967500
0.274769 1.352815 -1.707988 -0.107025 0.435826 -1.514260 0.252065 -0.834526 1.768401 -0.200503 -0.656172 1.411911 1743113226.978414
0.263577 1.358286 -1.703386 -0.114741 0.428194 -1.495176 0.253868 -0.856305 1.785901 -0.201050 -0.636971 1.407470 1743113226.987517
0.252650 1.362949 -1.698707 -0.122099 0.420852 -1.476919 0.255575 -0.876907 1.802100 -0.201572 -0.618750 1.402647 1743113226.998987
0.242235 1.366789 -1.694076 -0.128975 0.413746 -1.459806 0.257158 -0.896056 1.816803 -0.202069 -0.601760 1.397626 1743113227.009919
0.232390 1.369887 -1.689527 -0.135357 0.406684 -1.443779 0.258620 -0.913845 1.830106 -0.202546 -0.585917 1.392493 1743113227.019210
0.223493 1.372437 -1.685191 -0.140890 0.399940 -1.428938 0.259930 -0.929986 1.841817 -0.202994 -0.571474 1.387428 1743113227.029731
0.215751 1.374512 -1.681225 -0.145442 0.393960 -1.415829 0.261048 -0.944100 1.851699 -0.203401 -0.558775 1.382667 1743113227.039448
0.208893 1.376195 -1.677592 -0.149225 0.388752 -1.404360 0.261994 -0.956517 1.860016 -0.203770 -0.547524 1.378198 1743113227.049520
0.202703 1.377531 -1.674264 -0.152374 0.384303 -1.394429 0.262776 -0.967453 1.866916 -0.204104 -0.537519 1.374014 1743113227.059029
0.197035 1.378520 -1.671254 -0.154949 0.380632 -1.386005 0.263432 -0.977033 1.872714 -0.204400 -0.528706 1.370149 1743113227.069723
0.192352 1.379067 -1.668906 -0.156745 0.378093 -1.379851 0.263932 -0.984361 1.877126 -0.204626 -0.521977 1.367071 1743113227.080517
0.188339 1.379212 -1.667154 -0.157914 0.376505 -1.375519 0.264316 -0.989821 1.880485 -0.204788 -0.517017 1.364718 1743113227.090249
0.190739 1.378467 -1.667253 -0.156463 0.376215 -1.373529 0.264105 -0.992839 1.879629 -0.204910 -0.513877 1.363503 1743113227.100329
0.191325 1.388249 -1.681090 -0.157588 0.380658 -1.378736 0.263943 -0.999758 1.878621 -0.205335 -0.510124 1.365826 1743113227.110913
0.191885 1.398367 -1.693893 -0.158946 0.385529 -1.384066 0.263721 -1.006955 1.877228 -0.205735 -0.506636 1.367941 1743113227.120842
0.192718 1.410146 -1.709874 -0.160762 0.391683 -1.390395 0.263347 -1.015625 1.874755 -0.206177 -0.502849 1.370183 1743113227.135552
0.193955 1.421392 -1.728666 -0.162730 0.398136 -1.396662 0.262830 -1.024343 1.871156 -0.206588 -0.499391 1.372177 1743113227.139284
0.195782 1.433135 -1.753205 -0.165005 0.405472 -1.403424 0.262082 -1.033899 1.865738 -0.207007 -0.495917 1.374123 1743113227.152793
0.197694 1.444891 -1.780963 -0.167437 0.413268 -1.410256 0.261102 -1.043733 1.858406 -0.207411 -0.492620 1.375913 1743113227.163056
0.199290 1.457188 -1.811361 -0.170087 0.421779 -1.417362 0.259816 -1.054184 1.848564 -0.207815 -0.489376 1.377615 1743113227.173590
0.200027 1.469928 -1.842638 -0.172920 0.430942 -1.424648 0.258185 -1.065191 1.835849 -0.208216 -0.486205 1.379216 1743113227.183552
0.199887 1.482886 -1.875353 -0.175977 0.440945 -1.432219 0.256205 -1.076481 1.819857 -0.208622 -0.483045 1.380743 1743113227.194104
0.199331 1.495227 -1.909275 -0.179148 0.451473 -1.439794 0.254030 -1.087130 1.801446 -0.209019 -0.479994 1.382149 1743113227.203827
0.198451 1.507005 -1.944196 -0.182439 0.462594 -1.447390 0.251679 -1.097173 1.780795 -0.209412 -0.477021 1.383449 1743113227.214710
0.197343 1.517856 -1.978730 -0.185751 0.474003 -1.454776 0.249246 -1.106315 1.758771 -0.209791 -0.474192 1.384614 1743113227.225307
0.196017 1.527977 -2.013365 -0.189161 0.486004 -1.462135 0.246693 -1.114772 1.735060 -0.210167 -0.471417 1.385686 1743113227.234816
0.194435 1.537312 -2.048142 -0.192718 0.498808 -1.469568 0.243994 -1.122574 1.709465 -0.210547 -0.468649 1.386677 1743113227.245521
0.192655 1.545061 -2.080369 -0.196189 0.511585 -1.476591 0.241344 -1.129161 1.683884 -0.210907 -0.466053 1.387530 1743113227.256962
0.190435 1.551532 -2.112076 -0.199845 0.525347 -1.483757 0.238551 -1.134958 1.656529 -0.211275 -0.463417 1.388315 1743113227.265824
0.187839 1.556021 -2.141356 -0.203500 0.539425 -1.490686 0.235776 -1.139512 1.628979 -0.211634 -0.460870 1.388991 1743113227.276756
0.184864 1.558389 -2.169415 -0.207292 0.554372 -1.497633 0.232935 -1.142826 1.600412 -0.211998 -0.458309 1.389579 1743113227.288532
0.181608 1.558137 -2.194890 -0.211058 0.569575 -1.504291 0.230174 -1.144570 1.572262 -0.212350 -0.455838 1.390056 1743113227.296703
0.178002 1.554936 -2.217949 -0.214836 0.585189 -1.510729 0.227494 -1.144621 1.544464 -0.212695 -0.453424 1.390427 1743113227.307006
0.174159 1.548883 -2.238354 -0.218607 0.601157 -1.516911 0.224845 -1.143191 1.517469 -0.213032 -0.451070 1.390694 1743113227.317634
0.170173 1.540458 -2.255835 -0.222339 0.617346 -1.522785 0.222177 -1.140832 1.491895 -0.213357 -0.448791 1.390854 1743113227.340481
0.165740 1.529296 -2.270629 -0.226122 0.634169 -1.528489 0.219480 -1.137598 1.467406 -0.213679 -0.446525 1.390911 1743113227.344819
0.160690 1.515305 -2.282292 -0.229911 0.651459 -1.533941 0.216847 -1.133611 1.444619 -0.213994 -0.444295 1.390863 1743113227.348779
0.155382 1.499210 -2.290931 -0.233424 0.668595 -1.538952 0.214427 -1.129135 1.424563 -0.214290 -0.442175 1.390711 1743113227.360411
0.150086 1.481176 -2.297481 -0.236577 0.685819 -1.543614 0.212226 -1.124222 1.407055 -0.214573 -0.440123 1.390461 1743113227.370795
0.144744 1.460958 -2.302145 -0.239443 0.703428 -1.548008 0.210256 -1.118869 1.392016 -0.214847 -0.438097 1.390108 1743113227.380888
0.139473 1.438899 -2.304923 -0.241997 0.721174 -1.552070 0.208596 -1.113223 1.379919 -0.215108 -0.436121 1.389654 1743113227.392306
0.134364 1.415276 -2.305903 -0.244238 0.738927 -1.555779 0.207224 -1.107386 1.370485 -0.215355 -0.434201 1.389105 1743113227.401493
0.129457 1.390139 -2.305185 -0.246195 0.756744 -1.559155 0.206037 -1.101396 1.362886 -0.215589 -0.432325 1.388458 1743113227.411517
0.124834 1.363715 -2.302858 -0.247871 0.774546 -1.562185 0.205007 -1.095362 1.356835 -0.215808 -0.430495 1.387716 1743113227.422346
0.120425 1.335201 -2.298847 -0.249324 0.792922 -1.564957 0.204070 -1.089178 1.351889 -0.216019 -0.428645 1.386848 1743113227.432877
