# Joint angles matrix: 276 frames, 12 joints per frame + timestamp
# Order: fr[gamma,alpha,beta] fl[gamma,alpha,beta] hr[gamma,alpha,beta] hl[gamma,alpha,beta] timestamp
0.271294 0.737017 -1.436276 -0.291511 0.737076 -1.414537 0.149232 -0.675160 1.066845 -0.151978 -0.684780 1.083953 1741280513.154072
0.271790 0.736285 -1.433763 -0.290393 0.736424 -1.412217 0.149201 -0.674585 1.066740 -0.151617 -0.681528 1.076755 1741280513.154988
0.272177 0.736049 -1.432223 -0.289554 0.736022 -1.410442 0.149194 -0.674055 1.066932 -0.151352 -0.678989 1.071316 1741280513.155661
0.272455 0.736382 -1.431797 -0.289020 0.735944 -1.409276 0.149220 -0.673545 1.067451 -0.151175 -0.677066 1.067966 1741280513.156264
0.275176 0.736128 -1.433052 -0.286436 0.737105 -1.409858 0.150490 -0.667780 1.069817 -0.151592 -0.670217 1.069714 1741280513.164746
0.275169 0.737004 -1.434392 -0.287037 0.738449 -1.411077 0.150429 -0.668174 1.070217 -0.151744 -0.670315 1.070650 1741280513.176133
0.275166 0.738180 -1.436173 -0.287760 0.740022 -1.412686 0.150348 -0.668748 1.070679 -0.151888 -0.670401 1.071766 1741280513.185637
0.275159 0.739530 -1.438349 -0.288562 0.741687 -1.414646 0.150251 -0.669464 1.071179 -0.152022 -0.670475 1.073002 1741280513.196333
0.275143 0.741036 -1.441035 -0.289464 0.743441 -1.417056 0.150136 -0.670331 1.071735 -0.152155 -0.670540 1.074383 1741280513.207785
0.275107 0.742817 -1.444675 -0.290572 0.745426 -1.420316 0.149991 -0.671460 1.072417 -0.152304 -0.670610 1.076082 1741280513.217334
0.275054 0.744500 -1.448691 -0.291685 0.747230 -1.423910 0.149843 -0.672639 1.073103 -0.152449 -0.670674 1.077785 1741280513.227451
0.274974 0.746235 -1.453591 -0.292924 0.749034 -1.428296 0.149675 -0.673990 1.073872 -0.152608 -0.670746 1.079682 1741280513.238063
0.274870 0.748014 -1.459161 -0.294260 0.750844 -1.433277 0.149495 -0.675464 1.074703 -0.152783 -0.670824 1.081705 1741280513.249560
0.274750 0.749933 -1.465053 -0.295683 0.752788 -1.438533 0.149308 -0.677024 1.075579 -0.152972 -0.670914 1.083814 1741280513.258675
0.274607 0.752053 -1.471451 -0.297242 0.754933 -1.444231 0.149109 -0.678716 1.076534 -0.153187 -0.671021 1.086075 1741280513.268331
0.274427 0.754519 -1.478787 -0.299051 0.757429 -1.450752 0.148885 -0.680649 1.077635 -0.153447 -0.671157 1.088637 1741280513.278952
0.274232 0.757003 -1.486093 -0.300877 0.759952 -1.457240 0.148667 -0.682566 1.078742 -0.153723 -0.671310 1.091166 1741280513.289725
0.273996 0.759774 -1.494162 -0.302926 0.762775 -1.464398 0.148432 -0.684673 1.079980 -0.154048 -0.671499 1.093937 1741280513.301133
0.273740 0.762566 -1.502227 -0.305009 0.765632 -1.471546 0.148203 -0.686770 1.081237 -0.154395 -0.671711 1.096693 1741280513.311230
0.273439 0.765581 -1.510890 -0.307290 0.768734 -1.479214 0.147963 -0.689012 1.082611 -0.154795 -0.671965 1.099642 1741280513.325059
0.273099 0.768708 -1.519837 -0.309696 0.771972 -1.487125 0.147722 -0.691320 1.084062 -0.155237 -0.672257 1.102683 1741280513.329379
0.272716 0.771931 -1.529027 -0.312227 0.775333 -1.495244 0.147482 -0.693684 1.085588 -0.155725 -0.672591 1.105811 1741280513.342031
0.272283 0.775259 -1.538509 -0.314904 0.778830 -1.503610 0.147240 -0.696120 1.087206 -0.156263 -0.672972 1.109047 1741280513.352137
0.271730 0.779097 -1.549447 -0.318084 0.782899 -1.513244 0.146969 -0.698930 1.089133 -0.156932 -0.673458 1.112801 1741280513.361987
0.271154 0.782682 -1.559687 -0.321158 0.786737 -1.522248 0.146725 -0.701575 1.090964 -0.157578 -0.673818 1.116347 1741280513.373896
0.270481 0.786439 -1.570463 -0.324505 0.790801 -1.531701 0.146480 -0.704391 1.092869 -0.158245 -0.673922 1.120120 1741280513.384220
0.269771 0.789970 -1.580661 -0.327790 0.794666 -1.540626 0.146261 -0.707090 1.094658 -0.158873 -0.673828 1.123740 1741280513.393761
0.268961 0.793558 -1.591118 -0.331288 0.798644 -1.549752 0.146046 -0.709899 1.096485 -0.159524 -0.673594 1.127513 1741280513.403532
0.268053 0.797114 -1.601606 -0.334946 0.802642 -1.558875 0.145842 -0.712766 1.098318 -0.160193 -0.673274 1.131372 1741280513.414333
0.267001 0.800728 -1.612436 -0.338898 0.806774 -1.568261 0.145643 -0.715785 1.100218 -0.160908 -0.672908 1.135448 1741280513.426640
0.265811 0.804272 -1.623279 -0.343058 0.810904 -1.577613 0.145454 -0.718880 1.102137 -0.161660 -0.672562 1.139643 1741280513.432301
0.264513 0.807594 -1.633718 -0.347284 0.814866 -1.586571 0.145283 -0.721939 1.104009 -0.162427 -0.672302 1.143806 1741280513.447296
0.263111 0.810666 -1.643748 -0.351564 0.818617 -1.595159 0.145130 -0.724954 1.105832 -0.163216 -0.672212 1.147682 1741280513.456758
0.261524 0.813598 -1.653902 -0.356122 0.822301 -1.603864 0.144985 -0.728077 1.107700 -0.164075 -0.672354 1.151326 1741280513.466886
0.259778 0.816267 -1.663899 -0.360848 0.825782 -1.612445 0.144855 -0.731222 1.109562 -0.164981 -0.672758 1.154830 1741280513.490754
0.257862 0.818631 -1.673727 -0.365742 0.829022 -1.620880 0.144738 -0.734385 1.111418 -0.165932 -0.673450 1.158399 1741280513.491893
0.255714 0.820738 -1.683365 -0.370793 0.832066 -1.629149 0.144635 -0.737558 1.113265 -0.166926 -0.674459 1.162243 1741280513.495526
0.253270 0.822683 -1.692883 -0.376021 0.835012 -1.637301 0.144545 -0.740762 1.115117 -0.167971 -0.675830 1.166615 1741280513.509042
0.250755 0.824338 -1.701561 -0.381006 0.837649 -1.644718 0.144474 -0.743750 1.116833 -0.168981 -0.677461 1.171341 1741280513.518448
0.247774 0.825971 -1.710789 -0.386542 0.840403 -1.652579 0.144409 -0.746999 1.118689 -0.170121 -0.679669 1.177435 1741280513.529074
0.244729 0.827361 -1.719322 -0.391887 0.842905 -1.659815 0.144360 -0.750074 1.120436 -0.171315 -0.682816 1.184363 1741280513.541691
0.241436 0.828617 -1.727753 -0.397394 0.845335 -1.666922 0.144322 -0.753183 1.122196 -0.172700 -0.687603 1.192794 1741280513.545596
0.238027 0.829699 -1.735780 -0.402860 0.847615 -1.673641 0.144296 -0.756215 1.123906 -0.174205 -0.693752 1.202689 1741280513.564301
0.234245 0.830685 -1.744003 -0.408701 0.849914 -1.680459 0.144278 -0.759397 1.125697 -0.175936 -0.701727 1.215221 1741280513.569265
0.230332 0.831454 -1.751846 -0.414539 0.852006 -1.686887 0.144271 -0.762514 1.127447 -0.177775 -0.711026 1.229806 1741280513.580516
0.226438 0.831959 -1.759060 -0.420181 0.853789 -1.692719 0.144273 -0.765457 1.129098 -0.179646 -0.721176 1.245563 1741280513.591288
0.222244 0.832260 -1.766255 -0.426101 0.855435 -1.698440 0.144281 -0.768475 1.130791 -0.181702 -0.732979 1.263630 1741280513.603043
0.218114 0.832346 -1.772826 -0.431800 0.856826 -1.703560 0.144296 -0.771313 1.132383 -0.183767 -0.745376 1.282286 1741280513.612937
0.213746 0.832241 -1.779274 -0.437706 0.858094 -1.708461 0.144315 -0.774185 1.133997 -0.185995 -0.759215 1.302700 1741280513.622618
0.209110 0.831940 -1.785601 -0.443861 0.859253 -1.713121 0.144339 -0.777100 1.135639 -0.188406 -0.774606 1.324863 1741280513.634190
0.204670 0.831494 -1.791197 -0.449663 0.860218 -1.717086 0.144363 -0.779775 1.137150 -0.190756 -0.789915 1.346309 1741280513.646340
0.200105 0.830898 -1.796501 -0.455546 0.861095 -1.720667 0.144387 -0.782411 1.138646 -0.193209 -0.806118 1.368315 1741280513.655097
0.195621 0.830197 -1.801288 -0.461256 0.861872 -1.723707 0.144408 -0.784894 1.140062 -0.195648 -0.822379 1.389631 1741280513.666003
0.191194 0.829411 -1.805612 -0.466836 0.862586 -1.726245 0.144426 -0.787245 1.141413 -0.198075 -0.838654 1.410127 1741280513.675328
0.186645 0.828523 -1.809648 -0.472522 0.863292 -1.728370 0.144439 -0.789559 1.142753 -0.200576 -0.855482 1.430350 1741280513.686118
0.182255 0.827608 -1.813151 -0.477969 0.864002 -1.729909 0.144444 -0.791693 1.144001 -0.202981 -0.871696 1.448796 1741280513.700368
0.177688 0.826613 -1.816385 -0.483721 0.865953 -1.729414 0.144454 -0.793779 1.145255 -0.205465 -0.888421 1.467076 1741280513.708019
0.173227 0.825619 -1.819134 -0.489840 0.868655 -1.727998 0.144469 -0.795673 1.146434 -0.207866 -0.904519 1.484141 1741280513.720019
0.168767 0.824624 -1.821466 -0.496892 0.870790 -1.728272 0.144487 -0.797430 1.147570 -0.210221 -0.920236 1.500260 1741280513.726901
0.164320 0.823652 -1.823361 -0.505326 0.870967 -1.732919 0.144503 -0.799050 1.148657 -0.212503 -0.935382 1.515226 1741280513.742187
0.159826 0.822717 -1.824818 -0.516051 0.867902 -1.742366 0.144511 -0.800554 1.149710 -0.214617 -0.949784 1.529030 1741280513.759983
0.155661 0.821918 -1.825736 -0.528910 0.861059 -1.754417 0.144507 -0.801832 1.150642 -0.216347 -0.962166 1.540441 1741280513.775673
0.151436 0.821204 -1.826210 -0.545973 0.848973 -1.769355 0.144486 -0.803014 1.151542 -0.217864 -0.973729 1.550433 1741280513.787948
0.147119 0.820609 -1.826199 -0.569337 0.829879 -1.787237 0.144442 -0.804106 1.152417 -0.219153 -0.984475 1.558743 1741280513.789093
0.143187 0.820222 -1.825960 -0.600426 0.804723 -1.810950 0.144386 -0.805057 1.153222 -0.220118 -0.993826 1.564648 1741280513.793900
0.140007 0.820062 -1.825634 -0.634744 0.776539 -1.835108 0.144328 -0.805803 1.153892 -0.220702 -1.001100 1.567711 1741280513.805751
0.137425 0.820081 -1.825249 -0.669464 0.745733 -1.855231 0.144268 -0.806386 1.154449 -0.220980 -1.006662 1.568377 1741280513.810311
0.134770 0.820307 -1.824688 -0.712083 0.701695 -1.871673 0.144189 -0.806948 1.155030 -0.220991 -1.011827 1.566297 1741280513.825562
0.132691 0.820708 -1.824076 -0.755519 0.652306 -1.882241 0.144108 -0.807348 1.155487 -0.220706 -1.015207 1.561454 1741280513.830875
0.130909 0.821303 -1.823363 -0.803897 0.596142 -1.888429 0.144018 -0.807641 1.155874 -0.220152 -1.017335 1.553792 1741280513.846223
0.129492 0.822045 -1.822598 -0.852186 0.539808 -1.888348 0.143923 -0.807819 1.156169 -0.219404 -1.018191 1.544063 1741280513.851630
0.128318 0.822973 -1.821741 -0.900712 0.482071 -1.880539 0.143817 -0.807899 1.156398 -0.218455 -1.017937 1.531964 1741280513.865552
0.127375 0.824090 -1.820790 -0.951117 0.418981 -1.863955 0.143696 -0.807864 1.156675 -0.217333 -1.016578 1.517593 1741280513.876410
0.126659 0.825377 -1.819763 -1.002542 0.354094 -1.840942 0.143559 -0.807715 1.157023 -0.216085 -1.014181 1.501359 1741280513.885600
0.126153 0.826807 -1.818683 -1.052351 0.293068 -1.814611 0.143410 -0.807458 1.157433 -0.214768 -1.010879 1.483800 1741280513.895621
0.125820 0.828380 -1.817548 -1.098705 0.238712 -1.786612 0.143248 -0.807101 1.157901 -0.213405 -1.006745 1.465037 1741280513.905568
0.125624 0.830230 -1.816264 -1.144898 0.182857 -1.750390 0.143059 -0.806611 1.158469 -0.211910 -1.001442 1.443709 1741280513.916162
0.125566 0.832144 -1.814982 -1.185161 0.133725 -1.713880 0.142863 -0.806045 1.159070 -0.210476 -0.995617 1.422440 1741280513.927092
0.125607 0.834188 -1.813653 -1.220350 0.092491 -1.681323 0.142656 -0.805393 1.159722 -0.209062 -0.989147 1.400624 1741280513.937927
0.125731 0.836488 -1.812200 -1.250618 0.060119 -1.655377 0.142422 -0.804611 1.160465 -0.207599 -0.981650 1.377125 1741280513.952660
0.125901 0.838815 -1.810767 -1.271514 0.037799 -1.635103 0.142185 -0.803783 1.161223 -0.206241 -0.973912 1.354465 1741280513.958421
0.126090 0.841163 -1.809354 -1.285005 0.022800 -1.619592 0.141946 -0.802917 1.161994 -0.204976 -0.965987 1.332674 1741280513.973171
0.126317 0.844058 -1.807648 -1.294264 0.012276 -1.607741 0.141651 -0.801815 1.162948 -0.203539 -0.956101 1.307244 1741280513.976851
0.126493 0.846675 -1.806140 -1.297556 0.009110 -1.604414 0.141383 -0.800795 1.163813 -0.202350 -0.947120 1.285507 1741280513.993397
0.126639 0.849597 -1.804486 -1.294173 0.013731 -1.608824 0.141082 -0.799632 1.164780 -0.201219 -0.937367 1.262090 1741280514.015889
0.126715 0.852533 -1.802856 -1.285684 0.023619 -1.618339 0.140779 -0.798444 1.165753 -0.200295 -0.928036 1.239784 1741280514.017218
0.126697 0.855922 -1.801009 -1.273050 0.036980 -1.631348 0.140428 -0.797055 1.166874 -0.199463 -0.917961 1.216042 1741280514.021142
0.126557 0.859329 -1.799189 -1.259602 0.049240 -1.643470 0.140073 -0.795646 1.167998 -0.198838 -0.908652 1.194738 1741280514.034767
0.126328 0.862642 -1.797462 -1.244535 0.061938 -1.655960 0.139728 -0.794274 1.169081 -0.198389 -0.900443 1.176827 1741280514.046113
0.125980 0.866097 -1.795703 -1.226912 0.076206 -1.669803 0.139368 -0.792843 1.170197 -0.198038 -0.892720 1.161185 1741280514.051287
0.125489 0.869685 -1.793912 -1.206951 0.091971 -1.684799 0.138994 -0.791357 1.171348 -0.197750 -0.885535 1.148259 1741280514.065595
0.124893 0.873236 -1.792155 -1.185649 0.108548 -1.700176 0.138617 -0.789870 1.172489 -0.197501 -0.879145 1.138693 1741280514.079211
0.124325 0.876652 -1.790420 -1.163194 0.125873 -1.715771 0.138237 -0.788376 1.173628 -0.197321 -0.873562 1.131988 1741280514.083636
0.123783 0.880013 -1.788663 -1.139264 0.144241 -1.731725 0.137843 -0.786841 1.174791 -0.197267 -0.868785 1.127544 1741280514.097751
0.123257 0.883376 -1.786859 -1.113628 0.163846 -1.748036 0.137427 -0.785238 1.175997 -0.197423 -0.864964 1.125040 1741280514.103339
0.122725 0.886897 -1.784919 -1.085095 0.185572 -1.765166 0.136968 -0.783489 1.177303 -0.197817 -0.861975 1.124280 1741280514.120665
0.122260 0.890105 -1.783105 -1.057730 0.206278 -1.780463 0.136527 -0.781831 1.178534 -0.198120 -0.859287 1.125037 1741280514.125314
0.121844 0.893095 -1.781376 -1.031156 0.226194 -1.794112 0.136094 -0.780230 1.179715 -0.198352 -0.856770 1.126792 1741280514.138117
0.121442 0.896105 -1.779596 -1.003477 0.246635 -1.806870 0.135636 -0.778563 1.180937 -0.198564 -0.854267 1.129372 1741280514.148194
0.121066 0.899054 -1.777816 -0.975570 0.266828 -1.818098 0.135164 -0.776876 1.182168 -0.198782 -0.851891 1.132446 1741280514.157922
0.120712 0.901986 -1.776010 -0.947196 0.287017 -1.828110 0.134669 -0.775144 1.183421 -0.199046 -0.849653 1.135755 1741280514.169230
0.120398 0.904737 -1.774285 -0.920235 0.306000 -1.836450 0.134180 -0.773473 1.184625 -0.199375 -0.847715 1.138772 1741280514.178830
0.120118 0.907336 -1.772627 -0.894646 0.323927 -1.843394 0.133693 -0.771850 1.185784 -0.199796 -0.846072 1.141221 1741280514.189335
0.119843 0.910069 -1.770854 -0.867844 0.342693 -1.849723 0.133153 -0.770099 1.187029 -0.200364 -0.844550 1.143274 1741280514.202474
0.119615 0.912500 -1.769254 -0.844324 0.359217 -1.854522 0.132646 -0.768502 1.188154 -0.200923 -0.843319 1.145065 1741280514.206563
0.119412 0.914832 -1.767699 -0.822271 0.374814 -1.858412 0.132134 -0.766936 1.189249 -0.201504 -0.842247 1.146774 1741280514.221203
0.119224 0.917183 -1.766113 -0.800774 0.390174 -1.861654 0.131588 -0.765325 1.190367 -0.202130 -0.841275 1.148486 1741280514.231607
0.119065 0.919374 -1.764619 -0.781644 0.404027 -1.864095 0.131076 -0.763805 1.191419 -0.202747 -0.840468 1.150071 1741280514.242640
0.118923 0.921541 -1.763129 -0.763861 0.417136 -1.866002 0.130619 -0.762309 1.192467 -0.203387 -0.839765 1.151631 1741280514.252339
0.118796 0.923729 -1.761612 -0.747366 0.429590 -1.867473 0.130216 -0.760806 1.193531 -0.204057 -0.839151 1.153195 1741280514.263371
0.118689 0.925876 -1.760116 -0.732990 0.440823 -1.868548 0.129881 -0.759340 1.194578 -0.204732 -0.838643 1.154719 1741280514.274521
0.118607 0.927775 -1.758771 -0.722182 0.449712 -1.869271 0.129635 -0.758052 1.195498 -0.205344 -0.838272 1.156056 1741280514.284361
0.118530 0.929848 -1.757245 -0.712960 0.458016 -1.869924 0.129418 -0.756661 1.196491 -0.206031 -0.837948 1.157497 1741280514.299399
0.118477 0.931555 -1.755942 -0.707829 0.463517 -1.870458 0.129281 -0.755526 1.197294 -0.206606 -0.837742 1.158668 1741280514.302979
0.118433 0.933269 -1.754585 -0.705392 0.467591 -1.871106 0.129184 -0.754399 1.198079 -0.207186 -0.837586 1.159828 1741280514.317471
0.118401 0.934887 -1.753256 -0.705468 0.470356 -1.871945 0.129133 -0.753347 1.198797 -0.207730 -0.837483 1.160906 1741280514.327780
0.118379 0.936402 -1.751965 -0.707391 0.472260 -1.873061 0.129121 -0.752375 1.199440 -0.208230 -0.837421 1.161902 1741280514.340931
0.118363 0.938377 -1.750207 -0.712818 0.473669 -1.875253 0.129163 -0.751125 1.200228 -0.208854 -0.837380 1.163175 1741280514.352767
0.118360 0.939761 -1.748917 -0.718783 0.473872 -1.877481 0.129234 -0.750264 1.200735 -0.209262 -0.837368 1.164049 1741280514.360767
0.118365 0.941154 -1.747564 -0.726722 0.473381 -1.880213 0.129341 -0.749410 1.201198 -0.209637 -0.837363 1.164913 1741280514.372070
0.118376 0.942419 -1.746287 -0.735750 0.472295 -1.883077 0.129472 -0.748649 1.201567 -0.209936 -0.837354 1.165679 1741280514.382578
0.118393 0.943626 -1.745014 -0.746132 0.470658 -1.886157 0.129629 -0.747935 1.201865 -0.210171 -0.837331 1.166397 1741280514.392889
0.118414 0.944778 -1.743749 -0.757782 0.468517 -1.889413 0.129809 -0.747267 1.202091 -0.210339 -0.837285 1.167065 1741280514.402576
0.118440 0.945893 -1.742469 -0.770847 0.465878 -1.892864 0.130014 -0.746630 1.202299 -0.210433 -0.837205 1.167697 1741280514.412735
0.118469 0.946934 -1.741216 -0.784793 0.462877 -1.896346 0.130232 -0.746042 1.202497 -0.210444 -0.837084 1.168271 1741280514.423036
0.118503 0.948000 -1.739875 -0.800954 0.459246 -1.900152 0.130485 -0.745451 1.202702 -0.210360 -0.836895 1.168840 1741280514.433389
0.118538 0.948973 -1.738587 -0.817600 0.455396 -1.903837 0.130744 -0.744919 1.202893 -0.210181 -0.836650 1.169343 1741280514.444443
0.118574 0.949877 -1.737328 -0.834830 0.451336 -1.907413 0.131009 -0.744433 1.203073 -0.209965 -0.836406 1.169795 1741280514.456391
0.118610 0.950756 -1.736034 -0.853431 0.446898 -1.911010 0.131292 -0.743969 1.203251 -0.209718 -0.836166 1.170216 1741280514.467481
0.118646 0.951555 -1.734794 -0.872072 0.442414 -1.914344 0.131571 -0.743555 1.203415 -0.209459 -0.835947 1.170582 1741280514.476094
0.118681 0.952324 -1.733531 -0.891730 0.437659 -1.917562 0.131861 -0.743165 1.203574 -0.209176 -0.835735 1.170917 1741280514.488750
0.118712 0.952993 -1.732371 -0.910309 0.433147 -1.920317 0.132130 -0.742835 1.203713 -0.208901 -0.835548 1.171192 1741280514.497280
0.118744 0.953715 -1.731047 -0.932026 0.427845 -1.923167 0.132437 -0.742489 1.203864 -0.208572 -0.835345 1.171470 1741280514.509009
0.118771 0.954317 -1.729877 -0.951549 0.423045 -1.925368 0.132707 -0.742211 1.203988 -0.208272 -0.835175 1.171682 1741280514.518509
0.118793 0.954875 -1.728726 -0.970933 0.418231 -1.927187 0.132967 -0.741963 1.204104 -0.207969 -0.835014 1.171862 1741280514.527920
0.118811 0.955427 -1.727518 -0.991410 0.413066 -1.928673 0.133234 -0.741728 1.204217 -0.207647 -0.834855 1.172022 1741280514.539245
0.118824 0.955915 -1.726380 -1.010655 0.408109 -1.929616 0.133476 -0.741530 1.204315 -0.207342 -0.834711 1.172144 1741280514.549751
0.118831 0.956373 -1.725232 -1.029886 0.403014 -1.930061 0.133708 -0.741353 1.204404 -0.207036 -0.834573 1.172242 1741280514.559775
0.118832 0.956817 -1.724040 -1.049594 0.397607 -1.929956 0.133933 -0.741193 1.204488 -0.206722 -0.834438 1.172318 1741280514.570548
0.118824 0.957207 -1.722908 -1.067948 0.392468 -1.929494 0.134130 -0.741063 1.204558 -0.206431 -0.834315 1.172365 1741280514.580977
0.118809 0.957554 -1.721817 -1.085250 0.387550 -1.928763 0.134300 -0.740958 1.204616 -0.206161 -0.834202 1.172389 1741280514.592395
0.118785 0.957873 -1.720729 -1.102050 0.382704 -1.927779 0.134448 -0.740871 1.204663 -0.205904 -0.834096 1.172393 1741280514.602808
0.118753 0.958158 -1.719663 -1.117989 0.378043 -1.926593 0.134569 -0.740805 1.204701 -0.205668 -0.833997 1.172379 1741280514.611891
0.118707 0.958430 -1.718547 -1.134044 0.373281 -1.925142 0.134666 -0.740753 1.204728 -0.205441 -0.833899 1.172345 1741280514.624138
0.118651 0.958662 -1.717481 -1.148659 0.368880 -1.923588 0.134728 -0.740721 1.204743 -0.205247 -0.833809 1.172294 1741280514.633841
0.118587 0.958859 -1.716464 -1.161854 0.364843 -1.921981 0.134754 -0.740705 1.204746 -0.205086 -0.833729 1.172233 1741280514.643844
0.118508 0.959035 -1.715434 -1.174377 0.360945 -1.920258 0.134746 -0.740704 1.204738 -0.204952 -0.833651 1.172157 1741280514.655387
0.118415 0.959189 -1.714393 -1.186074 0.357224 -1.918448 0.134696 -0.740717 1.204718 -0.204850 -0.833577 1.172068 1741280514.664212
0.118310 0.959314 -1.713402 -1.196200 0.353920 -1.916694 0.134607 -0.740742 1.204685 -0.204787 -0.833509 1.171971 1741280514.677494
0.118187 0.959419 -1.712383 -1.205448 0.350801 -1.914896 0.134468 -0.740780 1.204639 -0.204764 -0.833442 1.171862 1741280514.682123
0.118048 0.959493 -1.711430 -1.212926 0.348169 -1.913252 0.134290 -0.740827 1.204583 -0.204784 -0.833383 1.171753 1741280514.699453
0.117859 0.959529 -1.710476 -1.219173 0.345815 -1.911680 0.134060 -0.740884 1.204513 -0.204850 -0.833326 1.171636 1741280514.704228
0.117621 0.959526 -1.709553 -1.223908 0.343843 -1.910265 0.133784 -0.740948 1.204432 -0.204962 -0.833274 1.171519 1741280514.717477
0.117290 0.959484 -1.708538 -1.227476 0.342073 -1.908874 0.133413 -0.741028 1.204325 -0.205147 -0.833217 1.171386 1741280514.729673
0.116915 0.959411 -1.707603 -1.229288 0.340804 -1.907626 0.133002 -0.741109 1.204210 -0.205381 -0.833167 1.171260 1741280514.741107
0.116480 0.959309 -1.706694 -1.230265 0.339716 -1.905946 0.132532 -0.741194 1.204082 -0.205675 -0.833120 1.171140 1741280514.746671
0.115992 0.959187 -1.705824 -1.230499 0.338795 -1.903862 0.132011 -0.741281 1.203943 -0.206022 -0.833074 1.171024 1741280514.763374
0.115435 0.959044 -1.704965 -1.230041 0.337996 -1.901325 0.131421 -0.741371 1.203790 -0.206438 -0.833030 1.170913 1741280514.768591
0.114778 0.958889 -1.704124 -1.228909 0.337320 -1.898363 0.130763 -0.741462 1.203621 -0.206921 -0.832986 1.170809 1741280514.787484
0.113936 0.958732 -1.703294 -1.227112 0.336756 -1.894959 0.130028 -0.741554 1.203436 -0.207481 -0.832942 1.170713 1741280514.791792
0.112933 0.958574 -1.702490 -1.224706 0.336305 -1.891181 0.129226 -0.741643 1.203238 -0.208111 -0.832898 1.170627 1741280514.801233
0.111765 0.958405 -1.701697 -1.221680 0.335954 -1.886979 0.128341 -0.741731 1.203022 -0.208823 -0.832852 1.170553 1741280514.811309
0.110476 0.958228 -1.700938 -1.218145 0.335707 -1.882478 0.127393 -0.741814 1.202795 -0.209606 -0.832808 1.170471 1741280514.822077
0.109047 0.958033 -1.700190 -1.214047 0.335550 -1.877577 0.126357 -0.741891 1.202551 -0.210487 -0.832768 1.170332 1741280514.832264
0.107447 0.957809 -1.699439 -1.209276 0.335481 -1.872144 0.125197 -0.741966 1.202283 -0.211497 -0.832733 1.170131 1741280514.842583
0.105824 0.957573 -1.698744 -1.204268 0.335499 -1.866646 0.124010 -0.742029 1.202012 -0.212554 -0.832702 1.169881 1741280514.852762
0.104114 0.957308 -1.698069 -1.198825 0.335597 -1.860838 0.122737 -0.742083 1.201725 -0.213710 -0.832675 1.169578 1741280514.863209
0.102204 0.956989 -1.697369 -1.192562 0.335783 -1.854299 0.121279 -0.742130 1.201400 -0.215058 -0.832648 1.169195 1741280514.874555
0.100321 0.956648 -1.696724 -1.186201 0.336037 -1.847774 0.119795 -0.742162 1.201076 -0.216451 -0.832625 1.168774 1741280514.884764
0.098206 0.956228 -1.696044 -1.178836 0.336395 -1.840320 0.118063 -0.742183 1.200700 -0.218101 -0.832600 1.168253 1741280514.896345
0.096199 0.955788 -1.695433 -1.171633 0.336801 -1.833101 0.116345 -0.742185 1.200334 -0.219761 -0.832579 1.167710 1741280514.907098
0.094237 0.955314 -1.694865 -1.164374 0.337255 -1.825874 0.114584 -0.742172 1.199962 -0.221481 -0.832556 1.167134 1741280514.918047
0.092231 0.954778 -1.694309 -1.156720 0.337776 -1.818286 0.112690 -0.742141 1.199567 -0.223353 -0.832533 1.166497 1741280514.927680
0.090213 0.954180 -1.693771 -1.148751 0.338359 -1.810406 0.110671 -0.742091 1.199151 -0.225367 -0.832506 1.165802 1741280514.938848
0.087927 0.953421 -1.693184 -1.139373 0.339089 -1.801139 0.108448 -0.742118 1.198655 -0.227591 -0.832544 1.164945 1741280514.950065
0.085930 0.952671 -1.692687 -1.130815 0.339790 -1.792676 0.106691 -0.742290 1.198191 -0.229342 -0.832683 1.164126 1741280514.961080
0.083901 0.951815 -1.692196 -1.121720 0.340567 -1.783661 0.105075 -0.742611 1.197690 -0.230946 -0.832935 1.163219 1741280514.977987
0.082019 0.950911 -1.691768 -1.112838 0.341350 -1.774836 0.103722 -0.743053 1.197189 -0.232281 -0.833272 1.162295 1741280514.982042
0.080494 0.950052 -1.691620 -1.105212 0.342031 -1.767308 0.102719 -0.743526 1.196746 -0.233266 -0.833632 1.161471 1741280514.995232
0.078563 0.948733 -1.691816 -1.094797 0.342957 -1.757138 0.101566 -0.744309 1.196122 -0.234387 -0.834223 1.160291 1741280515.004304
0.077110 0.947520 -1.692305 -1.086222 0.343708 -1.748872 0.100796 -0.745066 1.195590 -0.235128 -0.834792 1.159273 1741280515.015021
0.075790 0.946190 -1.693078 -1.077671 0.344416 -1.740713 0.100178 -0.745922 1.195041 -0.235712 -0.835435 1.158214 1741280515.024717
0.074550 0.944648 -1.694194 -1.068835 0.344934 -1.732202 0.099685 -0.746932 1.194437 -0.236168 -0.836192 1.157043 1741280515.035633
0.073518 0.943028 -1.695550 -1.060512 0.345231 -1.724141 0.099359 -0.748005 1.193833 -0.236453 -0.836995 1.155866 1741280515.045690
0.072659 0.941266 -1.697181 -1.052282 0.345411 -1.716209 0.099177 -0.749177 1.193204 -0.236591 -0.837869 1.154634 1741280515.058396
0.071969 0.939293 -1.699148 -1.043820 0.345555 -1.708183 0.099136 -0.750489 1.192528 -0.236584 -0.838847 1.153305 1741280515.067162
0.071498 0.937144 -1.701412 -1.035279 0.345752 -1.700307 0.099243 -0.751910 1.191819 -0.236424 -0.839905 1.151908 1741280515.079422
0.071282 0.935037 -1.703721 -1.027414 0.346061 -1.693331 0.099469 -0.753294 1.191145 -0.236147 -0.840931 1.150580 1741280515.089241
0.071282 0.932886 -1.706141 -1.019776 0.346552 -1.686868 0.099798 -0.754692 1.190478 -0.235768 -0.841967 1.149263 1741280515.100797
0.071509 0.930535 -1.708837 -1.011780 0.347331 -1.680477 0.100248 -0.756201 1.189767 -0.235263 -0.843082 1.147861 1741280515.110761
0.072023 0.927863 -1.711941 -1.003019 0.348571 -1.673957 0.100851 -0.757890 1.188977 -0.234600 -0.844327 1.146308 1741280515.120254
0.072778 0.925207 -1.715049 -0.994571 0.350207 -1.668177 0.101527 -0.759538 1.188211 -0.233866 -0.845539 1.144804 1741280515.131445
0.073815 0.922397 -1.718346 -0.985840 0.352402 -1.662738 0.102307 -0.761250 1.187416 -0.233026 -0.846794 1.143250 1741280515.142712
0.075082 0.919495 -1.721733 -0.977019 0.355175 -1.657803 0.103165 -0.762975 1.186616 -0.232108 -0.848055 1.141688 1741280515.153652
0.076501 0.916345 -1.725344 -0.967724 0.358717 -1.653299 0.104134 -0.764783 1.185773 -0.231077 -0.849371 1.140047 1741280515.161973
0.077975 0.913124 -1.728985 -0.958429 0.362910 -1.649621 0.105158 -0.766578 1.184929 -0.229991 -0.850674 1.138415 1741280515.174351
0.079496 0.909835 -1.732669 -0.949075 0.367792 -1.646852 0.106237 -0.768369 1.184080 -0.228853 -0.851969 1.136779 1741280515.183740
0.081116 0.906356 -1.736541 -0.938987 0.373943 -1.645045 0.107412 -0.770229 1.183187 -0.227617 -0.853309 1.135068 1741280515.194859
0.082740 0.902885 -1.740395 -0.927799 0.382020 -1.644455 0.108618 -0.772059 1.182296 -0.226353 -0.854620 1.133370 1741280515.204556
0.084539 0.899046 -1.744656 -0.914242 0.392942 -1.645310 0.109990 -0.774061 1.181306 -0.224918 -0.856050 1.131492 1741280515.214613
0.086254 0.895384 -1.748734 -0.900319 0.405017 -1.647738 0.111339 -0.775959 1.180347 -0.223513 -0.857397 1.129688 1741280515.225442
0.087976 0.891731 -1.752816 -0.885584 0.418462 -1.651721 0.112722 -0.777842 1.179375 -0.222077 -0.858727 1.127870 1741280515.235935
0.089792 0.887993 -1.756994 -0.869670 0.433559 -1.656867 0.114168 -0.779755 1.178363 -0.220579 -0.860071 1.125992 1741280515.245664
0.091653 0.884273 -1.761149 -0.853057 0.449760 -1.662823 0.115635 -0.781643 1.177339 -0.219065 -0.861390 1.124104 1741280515.256099
0.093564 0.880552 -1.765299 -0.835701 0.466994 -1.669417 0.117130 -0.783519 1.176292 -0.217527 -0.862692 1.122190 1741280515.266333
0.095467 0.876935 -1.769326 -0.818146 0.484594 -1.676248 0.118608 -0.785329 1.175250 -0.216012 -0.863940 1.120298 1741280515.277060
0.097657 0.872869 -1.773839 -0.797626 0.505212 -1.684190 0.120297 -0.787349 1.174047 -0.214289 -0.865324 1.118133 1741280515.288907
0.099671 0.869213 -1.777885 -0.778446 0.524370 -1.691350 0.121838 -0.789153 1.172930 -0.212722 -0.866549 1.116142 1741280515.301142
0.101734 0.865538 -1.781933 -0.758458 0.544063 -1.698329 0.123410 -0.790953 1.171772 -0.211135 -0.867762 1.114095 1741280515.316806
0.103995 0.861590 -1.786256 -0.736114 0.565438 -1.705300 0.125119 -0.792868 1.170523 -0.209453 -0.869089 1.111571 1741280515.322717
0.106029 0.858102 -1.790048 -0.715671 0.584326 -1.710727 0.126645 -0.794536 1.169461 -0.208020 -0.870318 1.108859 1741280515.329674
0.108104 0.854605 -1.793819 -0.694687 0.603288 -1.715179 0.128191 -0.796187 1.168433 -0.206597 -0.871563 1.105930 1741280515.346740
0.110056 0.851366 -1.797278 -0.674983 0.620856 -1.718120 0.129634 -0.797694 1.167507 -0.205261 -0.872682 1.103258 1741280515.361709
0.112049 0.848110 -1.800712 -0.655124 0.638427 -1.719962 0.131096 -0.799187 1.166597 -0.203945 -0.873972 1.100863 1741280515.367250
0.113956 0.845041 -1.803903 -0.636545 0.654779 -1.720934 0.132483 -0.800571 1.165753 -0.202784 -0.875570 1.099129 1741280515.374589
0.115820 0.842085 -1.806924 -0.618958 0.670193 -1.721211 0.133826 -0.801882 1.164946 -0.201732 -0.877490 1.098222 1741280515.389429
0.117680 0.839179 -1.809832 -0.602163 0.684844 -1.720898 0.135154 -0.803145 1.164152 -0.200753 -0.879780 1.098400 1741280515.394913
0.119463 0.836438 -1.812492 -0.586952 0.698003 -1.720118 0.136412 -0.804312 1.163393 -0.199874 -0.882360 1.099939 1741280515.407725
0.121163 0.833864 -1.814883 -0.573470 0.709496 -1.719004 0.137596 -0.805381 1.162666 -0.199083 -0.885222 1.103071 1741280515.414540
0.123098 0.830992 -1.817405 -0.559670 0.720911 -1.717402 0.138923 -0.806538 1.161821 -0.198237 -0.889058 1.109326 1741280515.432116
0.124786 0.828540 -1.819393 -0.549372 0.728944 -1.715822 0.140056 -0.807487 1.161055 -0.197549 -0.893065 1.118041 1741280515.435871
0.126209 0.826520 -1.820878 -0.542366 0.734208 -1.714467 0.140988 -0.808234 1.160377 -0.197032 -0.897118 1.128626 1741280515.450209
0.127553 0.824659 -1.822078 -0.537176 0.737915 -1.713283 0.141845 -0.808883 1.159692 -0.196696 -0.901852 1.141855 1741280515.459274
0.128746 0.823056 -1.822928 -0.533692 0.740119 -1.712444 0.142579 -0.809402 1.159030 -0.196649 -0.907188 1.156706 1741280515.479236
0.129952 0.821500 -1.823504 -0.531207 0.741243 -1.711937 0.143284 -0.809852 1.158283 -0.196978 -0.914158 1.175376 1741280515.480204
0.130903 0.820338 -1.823668 -0.529971 0.741332 -1.711430 0.143802 -0.810130 1.157608 -0.197262 -0.920652 1.193413 1741280515.491852
0.131761 0.819363 -1.823475 -0.529364 0.740780 -1.710701 0.144225 -0.810293 1.156891 -0.197491 -0.927551 1.213173 1741280515.502272
0.132438 0.818680 -1.822942 -0.529156 0.739894 -1.709818 0.144507 -0.810322 1.156199 -0.197686 -0.934161 1.232209 1741280515.513288
0.132975 0.818243 -1.822122 -0.529053 0.738939 -1.708811 0.144669 -0.810229 1.155531 -0.197885 -0.940438 1.250053 1741280515.524456
0.134071 0.817747 -1.820402 -0.528739 0.737604 -1.707064 0.144828 -0.809711 1.154545 -0.198341 -0.949407 1.275415 1741280515.534719
0.135275 0.817410 -1.818593 -0.528031 0.736886 -1.705431 0.144915 -0.808968 1.153737 -0.198848 -0.956368 1.295128 1741280515.547122
0.136712 0.817114 -1.816447 -0.526666 0.736743 -1.703623 0.144970 -0.807983 1.152924 -0.199449 -0.962992 1.313962 1741280515.555223
0.138417 0.816835 -1.813875 -0.524454 0.737267 -1.701560 0.145000 -0.806733 1.152066 -0.200147 -0.969520 1.332643 1741280515.565465
0.140635 0.816529 -1.810461 -0.521349 0.738099 -1.698930 0.145006 -0.805025 1.151044 -0.201026 -0.976641 1.353234 1741280515.577667
0.142939 0.816247 -1.806825 -0.517994 0.739004 -1.696213 0.144988 -0.803186 1.150049 -0.201897 -0.982901 1.371612 1741280515.587907
0.145451 0.815954 -1.802747 -0.514227 0.740013 -1.693237 0.144953 -0.801125 1.149008 -0.202791 -0.988743 1.389109 1741280515.599846
0.148077 0.815651 -1.798353 -0.510195 0.741077 -1.690086 0.144904 -0.798922 1.147947 -0.203658 -0.993981 1.405212 1741280515.609113
0.150784 0.815332 -1.793681 -0.505960 0.742173 -1.686783 0.144847 -0.796610 1.146868 -0.204473 -0.998597 1.419895 1741280515.619012
0.153411 0.815009 -1.789008 -0.501786 0.743228 -1.683517 0.144789 -0.794333 1.145825 -0.205181 -1.002411 1.432555 1741280515.629515
0.157440 0.814482 -1.781575 -0.495285 0.744817 -1.678374 0.144698 -0.790787 1.144220 -0.206097 -1.007124 1.449346 1741280515.640447
0.160703 0.814022 -1.775316 -0.489944 0.746073 -1.674081 0.144627 -0.787874 1.142905 -0.206675 -1.010019 1.460872 1741280515.650343
0.164183 0.813492 -1.768404 -0.484186 0.747374 -1.669370 0.144557 -0.784734 1.141481 -0.207118 -1.012258 1.471309 1741280515.660253
0.167688 0.812917 -1.761189 -0.478329 0.748641 -1.664478 0.144494 -0.781540 1.140016 -0.207371 -1.013665 1.480013 1741280515.671225
0.171422 0.812256 -1.753222 -0.472033 0.749939 -1.659099 0.144438 -0.778107 1.138418 -0.207414 -1.014257 1.487391 1741280515.683253
0.175219 0.811532 -1.744829 -0.465581 0.751199 -1.653442 0.144394 -0.774587 1.136746 -0.207201 -1.013918 1.492960 1741280515.693066
0.179132 0.810725 -1.735915 -0.458886 0.752431 -1.647411 0.144364 -0.770933 1.134968 -0.206697 -1.012585 1.496708 1741280515.702971
0.183017 0.809860 -1.726828 -0.452204 0.753585 -1.641216 0.144351 -0.767285 1.133144 -0.205895 -1.010278 1.498454 1741280515.713787
0.187064 0.808885 -1.717129 -0.445212 0.754710 -1.634534 0.144356 -0.763464 1.131174 -0.204722 -1.006832 1.498193 1741280515.724095
0.191546 0.807711 -1.706133 -0.437440 0.755860 -1.626852 0.144386 -0.759216 1.128907 -0.203090 -1.001667 1.495494 1741280515.736033
0.196108 0.806409 -1.694687 -0.429505 0.756927 -1.618715 0.144444 -0.754874 1.126494 -0.201261 -0.994804 1.490424 1741280515.746427
0.200096 0.805173 -1.684475 -0.422551 0.757770 -1.611323 0.144518 -0.751065 1.124292 -0.199536 -0.987579 1.484218 1741280515.756268
0.204411 0.803723 -1.673215 -0.415013 0.758586 -1.603013 0.144625 -0.746931 1.121799 -0.197544 -0.978568 1.475759 1741280515.770004
0.208898 0.802081 -1.661278 -0.407162 0.759338 -1.593972 0.144767 -0.742622 1.119066 -0.195341 -0.967975 1.465150 1741280515.778540
0.213047 0.800427 -1.650028 -0.399890 0.759945 -1.585224 0.144927 -0.738626 1.116403 -0.193192 -0.957135 1.453770 1741280515.789392
0.217265 0.798593 -1.638371 -0.392482 0.760460 -1.575973 0.145119 -0.734548 1.113573 -0.190901 -0.945136 1.440707 1741280515.798770
0.221259 0.796700 -1.627114 -0.385454 0.760835 -1.566899 0.145327 -0.730666 1.110786 -0.188638 -0.932901 1.426982 1741280515.809268
0.225322 0.794594 -1.615423 -0.378286 0.761084 -1.557363 0.145567 -0.726688 1.107846 -0.186245 -0.919597 1.411668 1741280515.822992
0.229527 0.792192 -1.603035 -0.370842 0.761174 -1.547175 0.145845 -0.722529 1.104698 -0.183673 -0.904925 1.394372 1741280515.833055
0.233425 0.789729 -1.591256 -0.363915 0.761070 -1.537441 0.146130 -0.718627 1.101684 -0.181204 -0.890499 1.376991 1741280515.842097
0.237104 0.787154 -1.579825 -0.357343 0.760770 -1.527983 0.146425 -0.714885 1.098752 -0.178794 -0.876119 1.359325 1741280515.852025
0.240586 0.784447 -1.568671 -0.351085 0.760258 -1.518766 0.146727 -0.711277 1.095896 -0.176440 -0.861784 1.341392 1741280515.863087
0.243946 0.781529 -1.557533 -0.345002 0.759502 -1.509605 0.147043 -0.707716 1.093058 -0.174095 -0.847225 1.322857 1741280515.872826
0.247240 0.778304 -1.546164 -0.338979 0.758438 -1.500318 0.147376 -0.704122 1.090190 -0.171717 -0.832162 1.303341 1741280515.884329
0.250452 0.774701 -1.534502 -0.333030 0.756988 -1.490898 0.147726 -0.700485 1.087292 -0.169310 -0.816582 1.282785 1741280515.894844
0.253318 0.770937 -1.523389 -0.327661 0.755259 -1.482140 0.148061 -0.697100 1.084615 -0.167081 -0.801826 1.262949 1741280515.907130
0.255877 0.767119 -1.512896 -0.322826 0.753358 -1.474043 0.148376 -0.693961 1.082164 -0.165036 -0.787960 1.243960 1741280515.917196
0.258243 0.763230 -1.502771 -0.318324 0.751308 -1.466334 0.148678 -0.690956 1.079858 -0.163110 -0.774568 1.225266 1741280515.927105
0.260426 0.759362 -1.493113 -0.314144 0.749190 -1.459029 0.148960 -0.688103 1.077710 -0.161316 -0.761717 1.206958 1741280515.936774
0.262578 0.755292 -1.483070 -0.309944 0.746977 -1.451430 0.149188 -0.685334 1.075529 -0.159497 -0.748193 1.187298 1741280515.947874
0.264372 0.751704 -1.474211 -0.306358 0.745082 -1.444669 0.149320 -0.683090 1.073652 -0.157934 -0.736028 1.169391 1741280515.958865
0.265989 0.748337 -1.465836 -0.303051 0.743382 -1.438168 0.149387 -0.681118 1.071927 -0.156499 -0.724204 1.151944 1741280515.969164
0.267341 0.745449 -1.458551 -0.300223 0.742005 -1.432383 0.149401 -0.679505 1.070479 -0.155291 -0.713617 1.136301 1741280515.978677
0.268530 0.742848 -1.451941 -0.297677 0.740688 -1.427158 0.149383 -0.678145 1.069226 -0.154248 -0.704456 1.121666 1741280515.991259
0.269549 0.740601 -1.446146 -0.295442 0.739439 -1.422587 0.149344 -0.677028 1.068204 -0.153377 -0.696901 1.108379 1741280516.011126
0.270381 0.738805 -1.441378 -0.293581 0.738337 -1.418786 0.149296 -0.676140 1.067454 -0.152691 -0.690982 1.096989 1741280516.012253
0.271065 0.737429 -1.437518 -0.292030 0.737392 -1.415608 0.149249 -0.675410 1.066963 -0.152151 -0.686302 1.087258 1741280516.021889
