0.517920 0.585680 -1.871854 -0.441213 1.278281 -1.618553 0.360322 -0.917921 1.501704 -0.377665 -0.574889 1.654911
0.469824 0.504301 -1.758004 -0.464753 1.315146 -1.619339 0.352996 -0.832552 1.489061 -0.399059 -0.673145 1.769849
0.435488 0.452616 -1.671751 -0.482958 1.340962 -1.627511 0.347784 -0.764281 1.474317 -0.417072 -0.759978 1.856752
0.420363 0.435568 -1.632842 -0.491956 1.353095 -1.635003 0.345654 -0.731845 1.465813 -0.425877 -0.805913 1.894458
0.407974 0.423522 -1.601504 -0.500595 1.364285 -1.643772 0.343945 -0.703051 1.457796 -0.433428 -0.849410 1.924724
0.397398 0.413709 -1.575965 -0.509916 1.375768 -1.654558 0.342489 -0.675468 1.449838 -0.439977 -0.893960 1.949318
0.388596 0.406925 -1.558296 -0.519692 1.388375 -1.665331 0.341327 -0.650314 1.442648 -0.444644 -0.936747 1.965431
0.380543 0.404146 -1.547531 -0.530031 1.402239 -1.680011 0.340420 -0.627219 1.436627 -0.446882 -0.976434 1.971535
0.372353 0.405405 -1.541667 -0.543115 1.418939 -1.709480 0.339658 -0.604338 1.431116 -0.445900 -1.015897 1.964684
0.365435 0.410062 -1.540158 -0.559349 1.438773 -1.746976 0.339040 -0.585813 1.426170 -0.442066 -1.048448 1.946247
0.358467 0.418339 -1.541100 -0.582645 1.465847 -1.799665 0.338440 -0.568093 1.420995 -0.436107 -1.078821 1.916764
0.351020 0.431191 -1.544220 -0.615413 1.501158 -1.870733 0.337830 -0.550241 1.415366 -0.428284 -1.107196 1.874647
0.343465 0.448406 -1.549473 -0.657333 1.542860 -1.949038 0.337243 -0.532977 1.409572 -0.419525 -1.130752 1.821599
0.336704 0.467324 -1.555888 -0.701687 1.583145 -2.024993 0.336751 -0.517981 1.404331 -0.411437 -1.146634 1.766083
0.329398 0.491799 -1.564732 -0.756514 1.627089 -2.111101 0.336268 -0.501999 1.398628 -0.402607 -1.156666 1.696966
0.322670 0.518100 -1.574594 -0.811141 1.663316 -2.189206 0.335886 -0.487239 1.393382 -0.394648 -1.158164 1.627211
0.316757 0.544177 -1.584541 -0.859495 1.686861 -2.252752 0.335608 -0.474060 1.388809 -0.388103 -1.153014 1.567654
0.311366 0.570225 -1.594551 -0.902584 1.700448 -2.305735 0.335385 -0.461807 1.384684 -0.382671 -1.144511 1.515202
0.304139 0.608637 -1.609235 -0.953551 1.701878 -2.364912 0.335162 -0.445020 1.379346 -0.376497 -1.128928 1.452499
0.297784 0.644777 -1.622706 -0.986372 1.684715 -2.402699 0.335032 -0.430733 1.374960 -0.371949 -1.113367 1.409319
0.291831 0.680503 -1.635446 -1.002314 1.649806 -2.423298 0.334959 -0.418057 1.371185 -0.368284 -1.098446 1.382558
0.286968 0.715588 -1.647484 -1.005805 1.602116 -2.431861 0.334929 -0.407041 1.368041 -0.365585 -1.085875 1.367353
0.282551 0.755861 -1.660886 -0.999766 1.536212 -2.431112 0.334932 -0.395997 1.365071 -0.363806 -1.075521 1.357747
0.279002 0.794280 -1.673317 -0.987201 1.465931 -2.421513 0.334968 -0.386996 1.362862 -0.363141 -1.069400 1.353092
0.275755 0.835673 -1.686421 -0.968791 1.385630 -2.403032 0.335038 -0.378921 1.361159 -0.363214 -1.065796 1.350045
0.273185 0.876451 -1.699153 -0.947541 1.304754 -2.378135 0.335137 -0.372520 1.360151 -0.363832 -1.064272 1.348604
0.271362 0.916718 -1.711650 -0.924628 1.225338 -2.347872 0.335266 -0.367779 1.359852 -0.364771 -1.063925 1.349270
0.270285 0.955909 -1.723835 -0.901325 1.149907 -2.314194 0.335423 -0.364595 1.360209 -0.365823 -1.063942 1.351875
0.270019 1.001849 -1.738261 -0.873333 1.065231 -2.270059 0.335651 -0.362754 1.361502 -0.367070 -1.063612 1.357663
0.270735 1.041969 -1.751085 -0.849080 0.994506 -2.227594 0.335951 -0.362879 1.363670 -0.368049 -1.062334 1.365308
0.272326 1.078861 -1.763181 -0.827379 0.932088 -2.185297 0.336505 -0.366004 1.368525 -0.368767 -1.059651 1.374921
0.275731 1.125583 -1.779058 -0.800606 0.856842 -2.128346 0.337947 -0.377305 1.382579 -0.369373 -1.053335 1.391043
0.279722 1.162387 -1.792173 -0.779966 0.800991 -2.081325 0.340139 -0.395510 1.404220 -0.369610 -1.045095 1.407594
0.285446 1.202337 -1.806754 -0.757829 0.744042 -2.028847 0.343949 -0.425460 1.441007 -0.369726 -1.032013 1.429517
0.292112 1.238914 -1.819768 -0.737580 0.695753 -1.980008 0.348830 -0.461461 1.486026 -0.369816 -1.015126 1.452471
0.301770 1.274753 -1.831596 -0.715871 0.652431 -1.931871 0.355085 -0.505576 1.538807 -0.369692 -0.992030 1.476584
0.315201 1.306449 -1.840519 -0.692600 0.617567 -1.888992 0.361835 -0.552742 1.590116 -0.369136 -0.964601 1.497907
0.331826 1.335785 -1.846662 -0.667377 0.587684 -1.848300 0.368907 -0.603004 1.639533 -0.368325 -0.933100 1.515979
0.352955 1.365025 -1.849698 -0.638298 0.559376 -1.805530 0.377187 -0.659897 1.692041 -0.367124 -0.894955 1.530377
0.375807 1.390490 -1.848732 -0.609025 0.535454 -1.765153 0.385815 -0.715536 1.741231 -0.365547 -0.855044 1.537903
0.396747 1.409822 -1.845413 -0.583573 0.517311 -1.731214 0.393650 -0.762154 1.781533 -0.363932 -0.819398 1.539964
0.423819 1.430496 -1.838790 -0.551973 0.497415 -1.689220 0.403942 -0.817470 1.828724 -0.361699 -0.774289 1.537890
0.446248 1.444697 -1.831859 -0.526499 0.483132 -1.654547 0.412751 -0.860957 1.864693 -0.359787 -0.737443 1.533196
0.474556 1.459241 -1.821549 -0.495237 0.466634 -1.610969 0.424264 -0.913999 1.906835 -0.357377 -0.691399 1.524068
0.494028 1.467258 -1.813542 -0.474262 0.455210 -1.581040 0.432460 -0.949963 1.934198 -0.355722 -0.660144 1.515973
0.516117 1.474380 -1.803294 -0.451031 0.440561 -1.546230 0.442171 -0.991333 1.963993 -0.353731 -0.624254 1.504687
0.529491 1.478098 -1.796347 -0.437572 0.430986 -1.524239 0.448255 -1.017163 1.981351 -0.352410 -0.601795 1.496587
0.539131 1.480307 -1.791042 -0.428698 0.424461 -1.508955 0.452485 -1.035653 1.992679 -0.351400 -0.585594 1.490148
0.550310 1.481721 -1.785169 -0.420288 0.418588 -1.493887 0.457004 -1.055302 2.004199 -0.350270 -0.568419 1.482737
0.552724 1.487994 -1.793787 -0.420355 0.420846 -1.494067 0.457273 -1.065098 2.003552 -0.350380 -0.561197 1.482375
0.566446 1.511489 -1.822035 -0.419287 0.431091 -1.504982 0.456973 -1.081568 2.000144 -0.351461 -0.553440 1.486642
0.582703 1.537203 -1.861464 -0.417181 0.444142 -1.517321 0.455674 -1.100736 1.992296 -0.352474 -0.546008 1.490540
0.602662 1.563654 -1.915425 -0.414305 0.459150 -1.530107 0.452792 -1.121256 1.977590 -0.353358 -0.539269 1.493876
0.632239 1.595402 -1.982154 -0.410327 0.478306 -1.544873 0.447475 -1.145805 1.950376 -0.354231 -0.532258 1.497109
0.666195 1.625057 -2.048397 -0.405999 0.498357 -1.558859 0.440939 -1.167609 1.915151 -0.354942 -0.526116 1.499708
0.707879 1.655506 -2.122445 -0.400829 0.521936 -1.573698 0.433369 -1.187999 1.869841 -0.355594 -0.519934 1.502066
0.747169 1.679965 -2.186030 -0.396008 0.543915 -1.586205 0.427054 -1.202833 1.826348 -0.356070 -0.514885 1.503769
0.800087 1.706386 -2.263110 -0.389361 0.574656 -1.601850 0.419752 -1.217421 1.766146 -0.356564 -0.508688 1.505528
0.845469 1.721147 -2.323660 -0.383181 0.604018 -1.615094 0.414134 -1.225029 1.711299 -0.356890 -0.503465 1.506674
0.885634 1.724213 -2.375441 -0.376914 0.634818 -1.627499 0.408978 -1.226707 1.657791 -0.357111 -0.498524 1.507439
0.918189 1.713705 -2.417435 -0.370550 0.667486 -1.639148 0.404476 -1.223206 1.607093 -0.357232 -0.493768 1.507831
0.940758 1.689018 -2.447283 -0.364265 0.701630 -1.649820 0.401025 -1.216461 1.562213 -0.357250 -0.489232 1.507842
0.952175 1.655401 -2.463888 -0.359239 0.732871 -1.658344 0.398543 -1.208477 1.529092 -0.357184 -0.485402 1.507536
0.956927 1.601373 -2.474610 -0.354515 0.772343 -1.667539 0.395796 -1.196753 1.499117 -0.356999 -0.480921 1.506747
0.953205 1.541601 -2.475558 -0.351611 0.809113 -1.674615 0.393316 -1.184821 1.482076 -0.356733 -0.477032 1.505621
0.943680 1.477155 -2.469457 -0.350003 0.844909 -1.680253 0.391000 -1.172905 1.471241 -0.356399 -0.473441 1.504188
0.928714 1.406066 -2.456622 -0.349546 0.881816 -1.684805 0.388851 -1.160993 1.463925 -0.355980 -0.469896 1.502357
0.911114 1.338855 -2.439614 -0.350187 0.915283 -1.687803 0.387270 -1.151187 1.459111 -0.355537 -0.466788 1.500366
0.885525 1.257363 -2.413123 -0.352301 0.954931 -1.689876 0.385864 -1.141167 1.454666 -0.354932 -0.463195 1.497553
0.861408 1.192264 -2.387314 -0.355097 0.986386 -1.690279 0.384671 -1.133072 1.453739 -0.354388 -0.460381 1.494920
0.844232 1.150675 -2.368721 -0.357384 1.006519 -1.689917 0.383839 -1.127602 1.454238 -0.354014 -0.458582 1.493042
0.796214 1.047531 -2.312724 -0.364781 1.056124 -1.685038 0.381495 -1.112358 1.459070 -0.352996 -0.454138 1.487654
0.771157 0.998279 -2.281100 -0.369214 1.079565 -1.680786 0.380226 -1.103886 1.462892 -0.352418 -0.452078 1.484502
0.734182 0.930767 -2.231555 -0.376523 1.112175 -1.672889 0.378261 -1.089998 1.469685 -0.351263 -0.450452 1.479048
0.707860 0.885548 -2.194282 -0.382299 1.134146 -1.666420 0.376771 -1.078667 1.475059 -0.350643 -0.451096 1.477008
0.669456 0.823072 -2.137805 -0.391294 1.164543 -1.656316 0.374456 -1.059620 1.483145 -0.350756 -0.455683 1.480790
0.632565 0.766021 -2.081084 -0.400761 1.192332 -1.646260 0.371993 -1.037393 1.490680 -0.352944 -0.466145 1.497449
0.606488 0.726462 -2.039192 -0.408157 1.211519 -1.639142 0.370041 -1.018588 1.495562 -0.355898 -0.478568 1.517941
0.580906 0.687375 -1.995702 -0.416382 1.230245 -1.632338 0.367805 -0.995987 1.499538 -0.360170 -0.497764 1.546564
0.550798 0.640294 -1.940500 -0.427286 1.252643 -1.624916 0.364642 -0.963462 1.502520 -0.367039 -0.528535 1.590767
0.539074 0.621312 -1.917139 -0.431991 1.261640 -1.622351 0.363209 -0.948530 1.502838 -0.370426 -0.543334 1.611714
0.517920 0.585680 -1.871854 -0.441213 1.278281 -1.618553 0.360322 -0.917921 1.501704 -0.377665 -0.574889 1.654911
0.488664 0.534998 -1.804550 -0.455055 1.301006 -1.616506 0.355924 -0.868952 1.496137 -0.389666 -0.628772 1.722383
