# Joint angles matrix: 141 frames, 12 joints per frame + timestamp
# Order: fr[gamma,alpha,beta] fl[gamma,alpha,beta] hr[gamma,alpha,beta] hl[gamma,alpha,beta] timestamp
0.479797 1.558093 -2.163615 -0.189556 0.551145 -1.496167 0.200038 -1.142244 1.606510 -0.169569 -0.458851 1.389463 1740769460.824825
0.495777 1.558314 -2.191981 -0.185786 0.567743 -1.503510 0.199158 -1.144448 1.575600 -0.169535 -0.456129 1.390004 1740769460.825565
0.510690 1.555033 -2.217507 -0.181981 0.584870 -1.510601 0.198282 -1.144638 1.545022 -0.169482 -0.453472 1.390421 1740769460.826105
0.524409 1.548107 -2.240341 -0.178081 0.602857 -1.517547 0.197491 -1.142983 1.514696 -0.169407 -0.450826 1.390715 1740769460.832083
0.535675 1.538774 -2.258527 -0.174432 0.620139 -1.523760 0.197019 -1.140345 1.487678 -0.169320 -0.448408 1.390871 1740769460.844589
0.546124 1.525314 -2.274550 -0.170476 0.639422 -1.530189 0.196722 -1.136451 1.460221 -0.169206 -0.445837 1.390908 1740769460.856553
0.553996 1.509828 -2.285605 -0.166896 0.657525 -1.535760 0.196572 -1.132079 1.437225 -0.169085 -0.443535 1.390821 1740769460.867351
0.560088 1.492487 -2.293693 -0.163753 0.675220 -1.540790 0.196470 -1.127289 1.417509 -0.168954 -0.441376 1.390626 1740769460.877470
0.564661 1.473701 -2.299486 -0.161069 0.692508 -1.545326 0.196354 -1.122224 1.400995 -0.168815 -0.439345 1.390338 1740769460.890589
0.568029 1.452742 -2.303425 -0.158694 0.710193 -1.549599 0.196168 -1.116743 1.387036 -0.168662 -0.437337 1.389947 1740769460.899072
0.570267 1.428592 -2.305573 -0.156546 0.729059 -1.553761 0.195854 -1.110652 1.375477 -0.168488 -0.435262 1.389423 1740769460.909609
0.571181 1.404068 -2.305783 -0.154854 0.746993 -1.557351 0.195474 -1.104686 1.366834 -0.168313 -0.433346 1.388824 1740769460.921320
0.571036 1.380210 -2.304483 -0.153584 0.763532 -1.560350 0.195078 -1.099096 1.360413 -0.168143 -0.431622 1.388187 1740769460.930844
0.569666 1.350065 -2.301116 -0.152410 0.783439 -1.563571 0.194571 -1.092358 1.354296 -0.167929 -0.429595 1.387309 1740769460.942356
0.567021 1.318312 -2.295834 -0.151611 0.803469 -1.566386 0.194063 -1.085688 1.349529 -0.167704 -0.427599 1.386303 1740769460.954075
0.562823 1.282928 -2.288156 -0.151172 0.824911 -1.568924 0.193565 -1.078830 1.345530 -0.167451 -0.425502 1.385085 1740769460.971683
0.555024 1.233751 -2.274756 -0.151254 0.853545 -1.571538 0.193062 -1.070443 1.341172 -0.167097 -0.422753 1.383222 1740769460.981466
0.549175 1.203623 -2.265118 -0.151669 0.870575 -1.572660 0.192886 -1.066031 1.338743 -0.166879 -0.421136 1.381978 1740769460.991716
0.542149 1.171961 -2.253881 -0.152390 0.888148 -1.573468 0.192683 -1.061604 1.336892 -0.166647 -0.419476 1.380580 1740769461.002599
0.533519 1.137794 -2.240508 -0.153493 0.906814 -1.573921 0.192392 -1.056835 1.335868 -0.166394 -0.417717 1.378959 1740769461.018229
0.523672 1.103476 -2.225767 -0.154946 0.925326 -1.573937 0.192024 -1.051954 1.335768 -0.166137 -0.415968 1.377201 1740769461.022239
0.513452 1.071649 -2.210834 -0.156610 0.942315 -1.573484 0.191615 -1.047262 1.336444 -0.165896 -0.414355 1.375446 1740769461.036533
0.503364 1.042165 -2.195634 -0.158401 0.957811 -1.572383 0.191184 -1.042754 1.337671 -0.165674 -0.412878 1.373723 1740769461.048306
0.490748 1.007132 -2.175871 -0.160849 0.975885 -1.570248 0.190611 -1.037121 1.339803 -0.165412 -0.411141 1.371549 1740769461.060479
0.478246 0.973920 -2.155483 -0.163504 0.992649 -1.567467 0.190011 -1.031413 1.342427 -0.165167 -0.409505 1.369355 1740769461.070798
0.464870 0.939813 -2.132850 -0.166576 1.009614 -1.563912 0.189340 -1.025060 1.345669 -0.164879 -0.407915 1.366684 1740769461.081649
0.453420 0.911819 -2.112907 -0.169357 1.023538 -1.560494 0.188745 -1.019360 1.348710 -0.164582 -0.406902 1.364073 1740769461.093309
0.438758 0.877286 -2.086598 -0.173129 1.040641 -1.555714 0.187960 -1.011593 1.352872 -0.164204 -0.406282 1.361077 1740769461.105573
0.426875 0.850159 -2.064604 -0.176374 1.053946 -1.551566 0.187303 -1.004809 1.356409 -0.163949 -0.406505 1.359529 1740769461.116413
0.413122 0.819846 -2.038661 -0.180238 1.068672 -1.546579 0.186527 -0.996386 1.360573 -0.163774 -0.407766 1.359429 1740769461.125801
0.400030 0.792049 -2.013627 -0.183987 1.082077 -1.541735 0.185775 -0.987746 1.364515 -0.163776 -0.410146 1.361651 1740769461.138029
0.387680 0.766575 -1.989655 -0.187620 1.094279 -1.537123 0.185050 -0.978927 1.368164 -0.163979 -0.413636 1.366426 1740769461.149891
0.374302 0.739581 -1.963209 -0.191706 1.107114 -1.532117 0.184240 -0.968490 1.371981 -0.164475 -0.419053 1.375239 1740769461.159331
0.360983 0.713102 -1.936265 -0.195980 1.119592 -1.527161 0.183395 -0.956987 1.375575 -0.165258 -0.426492 1.387701 1740769461.171964
0.349848 0.691072 -1.913138 -0.199762 1.129870 -1.523065 0.182648 -0.946322 1.378360 -0.166136 -0.434633 1.400868 1740769461.181220
0.336969 0.665451 -1.885494 -0.204450 1.141673 -1.518414 0.181717 -0.932484 1.381247 -0.167428 -0.446788 1.419354 1740769461.193723
0.325110 0.641474 -1.858913 -0.209118 1.152565 -1.514258 0.180764 -0.917986 1.383464 -0.168902 -0.460954 1.439685 1740769461.205292
0.314188 0.618981 -1.833155 -0.213680 1.162724 -1.510615 0.179781 -0.903018 1.384983 -0.170508 -0.476060 1.461392 1740769461.215700
0.303854 0.597030 -1.807199 -0.218298 1.172573 -1.507390 0.178744 -0.887103 1.385784 -0.172291 -0.492558 1.484930 1740769461.227218
0.294845 0.576993 -1.782765 -0.222655 1.181489 -1.504826 0.177738 -0.871422 1.385777 -0.174111 -0.509239 1.508302 1740769461.237832
0.286354 0.557301 -1.758210 -0.227032 1.190101 -1.502767 0.176707 -0.855040 1.384999 -0.176065 -0.527102 1.532677 1740769461.250470
0.277431 0.536260 -1.731530 -0.231778 1.199066 -1.501198 0.175574 -0.836605 1.383374 -0.178313 -0.547722 1.559796 1740769461.263113
0.268896 0.515972 -1.705189 -0.236437 1.207514 -1.500414 0.174453 -0.817832 1.381032 -0.180634 -0.569266 1.586809 1740769461.272570
0.261101 0.497476 -1.680443 -0.240780 1.215093 -1.500457 0.173405 -0.799742 1.378218 -0.182883 -0.590525 1.612047 1740769461.283631
0.253771 0.480290 -1.656599 -0.244942 1.222128 -1.501168 0.172406 -0.781956 1.374993 -0.185141 -0.611956 1.636412 1740769461.295329
0.246722 0.464125 -1.633156 -0.249024 1.228853 -1.502484 0.171439 -0.764180 1.371372 -0.187460 -0.633935 1.660414 1740769461.306860
0.240094 0.449435 -1.610676 -0.252938 1.235171 -1.504328 0.170531 -0.746909 1.367518 -0.189771 -0.655845 1.683320 1740769461.317030
0.233515 0.435560 -1.587921 -0.256904 1.241477 -1.506787 0.169637 -0.729290 1.363286 -0.192182 -0.678792 1.706182 1740769461.327154
0.226755 0.422396 -1.564003 -0.261066 1.248028 -1.510011 0.168734 -0.710809 1.358557 -0.194759 -0.703539 1.729486 1740769461.338683
0.221331 0.412683 -1.544586 -0.264512 1.253430 -1.513179 0.168020 -0.695636 1.354479 -0.196902 -0.724410 1.747993 1740769461.349230
0.215042 0.402377 -1.522058 -0.268699 1.260003 -1.517627 0.167201 -0.677515 1.349402 -0.199472 -0.750034 1.769183 1740769461.363175
0.209191 0.393633 -1.501333 -0.272898 1.266532 -1.522699 0.166445 -0.659967 1.344302 -0.201946 -0.775636 1.788532 1740769461.372471
0.204076 0.386446 -1.483664 -0.276966 1.272593 -1.528100 0.165786 -0.643900 1.339497 -0.204163 -0.799835 1.804969 1740769461.383775
0.199521 0.380333 -1.468580 -0.281029 1.278481 -1.533927 0.165202 -0.628865 1.334910 -0.206156 -0.823224 1.818941 1740769461.395615
0.194958 0.374360 -1.454496 -0.285703 1.285185 -1.541058 0.164622 -0.612913 1.329976 -0.208124 -0.848950 1.831807 1740769461.408429
0.191120 0.370303 -1.444766 -0.289926 1.291645 -1.546768 0.164158 -0.599561 1.325901 -0.209561 -0.870937 1.840360 1740769461.419237
0.187726 0.367837 -1.438054 -0.293727 1.297774 -1.552072 0.163772 -0.588224 1.322575 -0.210560 -0.889672 1.845523 1740769461.428603
0.184069 0.366281 -1.432520 -0.297866 1.304600 -1.559757 0.163385 -0.576479 1.319339 -0.211316 -0.908992 1.848366 1740769461.439197
0.180537 0.365812 -1.428610 -0.301891 1.311300 -1.570783 0.163037 -0.565572 1.316591 -0.211701 -0.926712 1.848226 1740769461.449153
0.177031 0.366324 -1.425934 -0.306286 1.318550 -1.585063 0.162705 -0.555142 1.313929 -0.211661 -0.943823 1.844788 1740769461.460697
0.173119 0.368033 -1.424166 -0.312133 1.327991 -1.604570 0.162344 -0.543935 1.310887 -0.211129 -0.962433 1.837011 1740769461.471834
0.169161 0.370993 -1.423502 -0.319496 1.339583 -1.628476 0.161987 -0.533015 1.307738 -0.210136 -0.980562 1.825081 1740769461.482785
0.165453 0.374923 -1.423754 -0.328048 1.352707 -1.655339 0.161659 -0.523138 1.304734 -0.208864 -0.996734 1.810355 1740769461.494434
0.161757 0.380003 -1.424666 -0.337907 1.367240 -1.687777 0.161340 -0.513644 1.301707 -0.207344 -1.011852 1.792495 1740769461.504323
0.158200 0.385967 -1.426123 -0.348814 1.382596 -1.722927 0.161039 -0.504795 1.298769 -0.205706 -1.025351 1.772451 1740769461.517378
0.154680 0.392882 -1.428099 -0.361152 1.399083 -1.759539 0.160748 -0.496277 1.295840 -0.203973 -1.037586 1.749976 1740769461.525717
0.150914 0.401380 -1.430789 -0.376057 1.417812 -1.799034 0.160442 -0.487388 1.292687 -0.202050 -1.049312 1.723151 1740769461.537195
0.147809 0.409230 -1.433442 -0.389442 1.433720 -1.832974 0.160197 -0.480205 1.290077 -0.200444 -1.057811 1.698964 1740769461.548998
0.143518 0.421324 -1.437744 -0.409431 1.455922 -1.881693 0.159865 -0.470454 1.286459 -0.198240 -1.067628 1.662600 1740769461.560426
0.139902 0.432624 -1.441930 -0.427493 1.474332 -1.923715 0.159595 -0.462359 1.283411 -0.196423 -1.073976 1.629456 1740769461.572376
0.136288 0.444920 -1.446611 -0.446487 1.491888 -1.965855 0.159335 -0.454348 1.280371 -0.194637 -1.078307 1.593751 1740769461.583725
0.132835 0.457583 -1.451532 -0.465303 1.507274 -2.005503 0.159095 -0.446745 1.277484 -0.192975 -1.080394 1.557367 1740769461.592586
0.129032 0.472532 -1.457429 -0.486459 1.521832 -2.047537 0.158845 -0.438399 1.274334 -0.191235 -1.080319 1.516536 1740769461.607244
0.126602 0.482619 -1.461443 -0.500025 1.529363 -2.073027 0.158692 -0.433069 1.272345 -0.190148 -1.078897 1.490926 1740769461.617107
0.121083 0.506999 -1.471219 -0.530607 1.540499 -2.126158 0.158357 -0.420942 1.267906 -0.187815 -1.072088 1.434955 1740769461.640473
0.114305 0.539421 -1.484267 -0.566379 1.543021 -2.181772 0.157951 -0.406004 1.262659 -0.185537 -1.059323 1.370750 1740769461.651217
0.110806 0.557005 -1.491291 -0.582987 1.539243 -2.205556 0.157750 -0.398306 1.260080 -0.184560 -1.051558 1.341261 1740769461.667624
0.107713 0.572896 -1.497572 -0.596081 1.532923 -2.223450 0.157582 -0.391690 1.257892 -0.183767 -1.044346 1.318033 1740769461.678092
0.102582 0.599727 -1.507956 -0.613660 1.516194 -2.246208 0.157321 -0.381228 1.254484 -0.182516 -1.032170 1.286509 1740769461.687935
0.099634 0.615261 -1.513797 -0.621015 1.503100 -2.255185 0.157182 -0.375546 1.252666 -0.181798 -1.025304 1.272858 1740769461.698087
0.095973 0.635508 -1.521232 -0.627783 1.482726 -2.263107 0.157011 -0.368562 1.250474 -0.180892 -1.016826 1.259511 1740769461.709210
0.092802 0.654942 -1.528226 -0.631945 1.460283 -2.267681 0.156860 -0.362325 1.248563 -0.180145 -1.009494 1.250122 1740769461.720802
0.089824 0.675208 -1.535389 -0.634170 1.434260 -2.269614 0.156713 -0.356289 1.246768 -0.179564 -1.002967 1.243097 1740769461.731494
0.087272 0.694503 -1.542098 -0.634558 1.407352 -2.269019 0.156584 -0.350969 1.245242 -0.179253 -0.998050 1.238401 1740769461.742615
0.084757 0.714537 -1.548955 -0.633599 1.377615 -2.266130 0.156460 -0.345880 1.243845 -0.179110 -0.994094 1.235027 1740769461.752984
0.082447 0.733598 -1.555389 -0.631633 1.347919 -2.261428 0.156352 -0.341439 1.242690 -0.179104 -0.991194 1.232776 1740769461.763081
0.080190 0.752949 -1.561848 -0.628734 1.316624 -2.254878 0.156252 -0.337320 1.241692 -0.179225 -0.988989 1.231039 1740769461.773740
0.077699 0.775311 -1.569236 -0.624410 1.279315 -2.245263 0.156148 -0.333035 1.240751 -0.179520 -0.987232 1.229299 1740769461.785091
0.075295 0.798128 -1.576715 -0.619083 1.240313 -2.233384 0.156056 -0.329183 1.240029 -0.179942 -0.986123 1.228101 1740769461.796678
0.073012 0.821232 -1.584246 -0.612890 1.200183 -2.219408 0.155977 -0.325813 1.239545 -0.180452 -0.985531 1.227626 1740769461.809042
0.071077 0.842237 -1.591074 -0.606665 1.163394 -2.205132 0.155919 -0.323213 1.239323 -0.180965 -0.985322 1.227854 1740769461.822341
0.069078 0.865782 -1.598727 -0.599111 1.122081 -2.187488 0.155870 -0.320831 1.239331 -0.181572 -0.985316 1.228877 1740769461.832136
0.067256 0.889558 -1.606476 -0.590953 1.080550 -2.168041 0.155839 -0.319005 1.239620 -0.182195 -0.985407 1.230767 1740769461.843343
0.065843 0.910248 -1.613253 -0.583483 1.044765 -2.149877 0.155827 -0.317904 1.240112 -0.182725 -0.985448 1.233147 1740769461.853380
0.064736 0.928547 -1.619289 -0.576628 1.013532 -2.132915 0.155831 -0.317320 1.240743 -0.183174 -0.985369 1.235853 1740769461.865340
0.063440 0.953915 -1.627740 -0.567027 0.970776 -2.107889 0.155867 -0.317037 1.241880 -0.183746 -0.984949 1.240597 1740769461.876154
0.062626 0.974003 -1.634521 -0.559517 0.937252 -2.086767 0.155939 -0.317468 1.243322 -0.184145 -0.984245 1.245230 1740769461.898882
0.061813 1.003104 -1.644524 -0.548744 0.889366 -2.054303 0.156143 -0.319946 1.247285 -0.184617 -0.982424 1.253446 1740769461.900199
0.061535 1.022630 -1.651382 -0.541558 0.857782 -2.031395 0.156369 -0.323393 1.251870 -0.184853 -0.980524 1.260054 1740769461.918476
0.061577 1.052815 -1.662269 -0.530459 0.809996 -1.994392 0.156918 -0.332690 1.263434 -0.185082 -0.976222 1.272214 1740769461.936229
0.062303 1.083896 -1.673926 -0.518957 0.762332 -1.954514 0.157849 -0.349132 1.283298 -0.185146 -0.969621 1.287565 1740769461.945691
0.063001 1.100278 -1.680251 -0.512828 0.737941 -1.932870 0.158527 -0.361174 1.297974 -0.185119 -0.965053 1.296947 1740769461.959236
0.064600 1.126416 -1.690327 -0.502908 0.700270 -1.897624 0.159809 -0.384329 1.327227 -0.185029 -0.955896 1.313550 1740769461.975776
0.066051 1.144052 -1.697011 -0.496082 0.675824 -1.873433 0.160838 -0.402751 1.350669 -0.184964 -0.948192 1.325692 1740769461.989589
0.069238 1.171243 -1.706916 -0.484984 0.639869 -1.835654 0.162755 -0.435794 1.391879 -0.184862 -0.933267 1.345481 1740769462.002268
0.074417 1.193950 -1.714588 -0.473527 0.611559 -1.803784 0.164828 -0.468148 1.430208 -0.184536 -0.916997 1.362584 1740769462.016761
0.080234 1.211403 -1.719887 -0.463057 0.590874 -1.779001 0.166699 -0.495963 1.461203 -0.184136 -0.901951 1.375654 1740769462.034004
0.090883 1.235307 -1.725907 -0.446256 0.563982 -1.744382 0.169576 -0.538077 1.504524 -0.183413 -0.877582 1.392660 1740769462.040975
0.099370 1.250347 -1.728713 -0.434180 0.547645 -1.721840 0.171623 -0.567141 1.532817 -0.182855 -0.859755 1.402358 1740769462.052570
0.109479 1.265504 -1.730495 -0.420739 0.531513 -1.698261 0.173908 -0.598534 1.562384 -0.182195 -0.839605 1.410807 1740769462.069236
0.118544 1.277318 -1.730946 -0.409302 0.519108 -1.679107 0.175865 -0.624507 1.586238 -0.181594 -0.822222 1.416052 1740769462.075630
0.131701 1.292268 -1.730198 -0.393480 0.503499 -1.653562 0.178607 -0.659369 1.617610 -0.180695 -0.797842 1.420721 1740769462.094399
0.143482 1.303932 -1.728582 -0.379932 0.491269 -1.632280 0.181001 -0.688243 1.643197 -0.179869 -0.776694 1.422849 1740769462.099754
0.156038 1.314941 -1.726119 -0.366009 0.479562 -1.610734 0.183522 -0.716955 1.668439 -0.178967 -0.754717 1.423493 1740769462.152265
0.180234 1.332867 -1.719781 -0.340351 0.459843 -1.570865 0.188437 -0.767595 1.712518 -0.177184 -0.713624 1.421188 1740769462.153816
0.193107 1.340946 -1.715748 -0.327199 0.450549 -1.549874 0.191142 -0.792930 1.734021 -0.176219 -0.692269 1.418475 1740769462.154978
0.208349 1.349391 -1.710495 -0.312013 0.440267 -1.525235 0.194415 -0.821859 1.758060 -0.175076 -0.667296 1.414180 1740769462.155988
0.219806 1.355004 -1.706244 -0.300848 0.432866 -1.506877 0.196919 -0.842984 1.775242 -0.174227 -0.648721 1.410267 1740769462.164739
0.232553 1.360546 -1.701224 -0.288655 0.424764 -1.486606 0.199749 -0.866002 1.793571 -0.173300 -0.628402 1.405274 1740769462.170355
0.244572 1.365109 -1.696211 -0.277361 0.417018 -1.467588 0.202462 -0.887367 1.810176 -0.172424 -0.609477 1.399969 1740769462.190742
0.254956 1.368522 -1.691646 -0.267755 0.409997 -1.451161 0.204846 -0.905674 1.824042 -0.171655 -0.593202 1.394907 1740769462.195236
0.265380 1.371535 -1.686781 -0.258282 0.402399 -1.434335 0.207295 -0.924152 1.837629 -0.170852 -0.576704 1.389305 1740769462.207419
0.273949 1.373863 -1.682516 -0.250736 0.395879 -1.420036 0.209362 -0.939572 1.848571 -0.170157 -0.562859 1.384230 1740769462.217218
0.276938 1.374636 -1.680974 -0.248176 0.393590 -1.415017 0.210088 -0.944976 1.852298 -0.169907 -0.557984 1.382361 1740769462.227759
0.288062 1.377238 -1.675045 -0.239153 0.385313 -1.396702 0.212748 -0.964928 1.865368 -0.168947 -0.539839 1.375003 1740769462.243830
0.296021 1.378655 -1.670763 -0.233475 0.380073 -1.384687 0.214545 -0.978574 1.873642 -0.168255 -0.527289 1.369510 1740769462.252882
0.300123 1.379105 -1.668676 -0.230999 0.377866 -1.379271 0.215422 -0.985075 1.877558 -0.167918 -0.521325 1.366766 1740769462.269490
0.305220 1.379120 -1.666512 -0.228710 0.376065 -1.373996 0.216384 -0.991867 1.881818 -0.167567 -0.515197 1.363834 1740769462.273425
0.302984 1.383692 -1.674993 -0.230147 0.378563 -1.376330 0.216126 -0.996546 1.879112 -0.167651 -0.511810 1.364789 1740769462.293452
0.309658 1.400685 -1.696864 -0.228865 0.386696 -1.385297 0.216158 -1.008629 1.876826 -0.168003 -0.505872 1.368397 1740769462.309337
0.316985 1.418791 -1.723889 -0.226870 0.396591 -1.395191 0.215952 -1.022285 1.872117 -0.168326 -0.500180 1.371726 1740769462.326595
0.324419 1.435577 -1.758778 -0.224510 0.407060 -1.404843 0.215378 -1.035926 1.864376 -0.168590 -0.495216 1.374508 1740769462.336055
0.330308 1.447038 -1.786221 -0.222694 0.414730 -1.411502 0.214745 -1.045548 1.856852 -0.168749 -0.492039 1.376223 1740769462.351105
0.342433 1.466317 -1.833874 -0.219386 0.428307 -1.422589 0.213278 -1.062047 1.839727 -0.168978 -0.487086 1.378777 1740769462.366030
0.358316 1.485948 -1.883519 -0.215627 0.443460 -1.434064 0.211270 -1.079134 1.815583 -0.169172 -0.482293 1.381096 1740769462.376024
0.370059 1.498047 -1.917403 -0.212991 0.454031 -1.441577 0.209752 -1.089545 1.796788 -0.169278 -0.479290 1.382464 1740769462.392622
0.391068 1.516294 -1.973607 -0.208452 0.472279 -1.453686 0.207204 -1.105005 1.762138 -0.169416 -0.474607 1.384448 1740769462.410040
0.412908 1.531728 -2.026943 -0.203863 0.490900 -1.465027 0.204908 -1.117901 1.725293 -0.169509 -0.470337 1.386082 1740769462.425205
0.435805 1.544512 -2.077932 -0.199090 0.510581 -1.476054 0.202913 -1.128686 1.685891 -0.169565 -0.466251 1.387467 1740769462.436000
0.451471 1.551166 -2.110079 -0.195785 0.524437 -1.483294 0.201768 -1.134615 1.658329 -0.169581 -0.463587 1.388267 1740769462.449671
0.475523 1.557526 -2.155823 -0.190527 0.546929 -1.494224 0.200279 -1.141373 1.614538 -0.169574 -0.459567 1.389302 1740769462.468661
