# Joint positions matrix
# Order: fl_hip, fr_hip, rl_hip, rr_hip, fl_thigh, fr_thigh, rl_thigh, rr_thigh, fl_calf, fr_calf, rl_calf, rr_calf
-0.173074 0.349211 -0.159116 0.185327 0.991990 0.719145 -0.384003 -0.982345 -1.387024 -1.834826 1.292676 1.366794
-0.187584 0.307673 -0.161814 0.182205 1.035038 0.622951 -0.413017 -0.939796 -1.370199 -1.731598 1.339796 1.379777
-0.194824 0.290200 -0.164113 0.180598 1.052673 0.581917 -0.436835 -0.915499 -1.363714 -1.684101 1.374908 1.383691
-0.201789 0.275018 -0.166754 0.178933 1.068379 0.544742 -0.463480 -0.890008 -1.358699 -1.639019 1.413523 1.385619
-0.209443 0.260303 -0.170092 0.177001 1.084536 0.505723 -0.496561 -0.859684 -1.354873 -1.589402 1.460133 1.385227
-0.216747 0.247303 -0.173663 0.175097 1.099002 0.469362 -0.531888 -0.828601 -1.353224 -1.541548 1.507064 1.382395
-0.223610 0.235499 -0.177279 0.173285 1.111867 0.435913 -0.568311 -0.797647 -1.353802 -1.495798 1.551821 1.377856
-0.230665 0.223729 -0.181330 0.171446 1.124488 0.403011 -0.609242 -0.764277 -1.356780 -1.447880 1.598284 1.371392
-0.237809 0.212205 -0.185742 0.169651 1.136903 0.372323 -0.653807 -0.729558 -1.362170 -1.398740 1.644835 1.363346
-0.244392 0.202001 -0.189961 0.168105 1.148247 0.347689 -0.696927 -0.697500 -1.369321 -1.353053 1.685554 1.354984
-0.249933 0.194024 -0.193460 0.166931 1.157851 0.330579 -0.733889 -0.671227 -1.376982 -1.316837 1.716525 1.347582
-0.256996 0.185160 -0.197510 0.165638 1.169690 0.313292 -0.779779 -0.640064 -1.388468 -1.277559 1.749489 1.338332
-0.263740 0.178321 -0.200632 0.164657 1.180615 0.301088 -0.820590 -0.613846 -1.400775 -1.249988 1.772143 1.330272
-0.271099 0.171679 -0.202995 0.163785 1.193458 0.292764 -0.860995 -0.588609 -1.413715 -1.230504 1.786560 1.322710
-0.277439 0.166050 -0.204022 0.163140 1.205376 0.289747 -0.892242 -0.568862 -1.430532 -1.220528 1.789709 1.317406
-0.285298 0.159894 -0.203869 0.162501 1.220413 0.290200 -0.923794 -0.548796 -1.461071 -1.214677 1.781941 1.312219
-0.295099 0.154288 -0.202574 0.161943 1.238506 0.293798 -0.950715 -0.531689 -1.499550 -1.212814 1.764255 1.307341
-0.311575 0.147572 -0.199946 0.161300 1.267251 0.302232 -0.979694 -0.512493 -1.563695 -1.213791 1.730457 1.301321
-0.331750 0.141287 -0.196887 0.160728 1.299194 0.314092 -1.002641 -0.495642 -1.637392 -1.217072 1.687739 1.295601
-0.355381 0.135291 -0.193762 0.160200 1.332531 0.328789 -1.020173 -0.480266 -1.711485 -1.222161 1.637937 1.290093
-0.384025 0.128933 -0.190471 0.159669 1.368208 0.347881 -1.033156 -0.464499 -1.794472 -1.229570 1.576296 1.284216
-0.412914 0.123078 -0.187557 0.159209 1.398426 0.368643 -1.038704 -0.450305 -1.871425 -1.238187 1.511216 1.278837
-0.443544 0.117121 -0.184771 0.158774 1.423206 0.392651 -1.037498 -0.435995 -1.945621 -1.248553 1.440149 1.273441
-0.473468 0.111297 -0.182255 0.158385 1.437276 0.418970 -1.029102 -0.422011 -2.009203 -1.260203 1.373262 1.268302
-0.501667 0.105559 -0.180257 0.158013 1.441223 0.447114 -1.016508 -0.408218 -2.062222 -1.272797 1.311465 1.263433
-0.525277 0.100178 -0.178731 0.157677 1.436061 0.475049 -1.002521 -0.395358 -2.102265 -1.285288 1.260201 1.259098
-0.546553 0.093899 -0.177170 0.157320 1.417941 0.508851 -0.985369 -0.381258 -2.134296 -1.300116 1.214104 1.254493
-0.558611 0.088142 -0.175729 0.157026 1.389496 0.541039 -0.970264 -0.369222 -2.149661 -1.313700 1.186984 1.250679
-0.564746 0.083194 -0.174608 0.156769 1.353031 0.573211 -0.957749 -0.358549 -2.155269 -1.326887 1.170880 1.247446
-0.566451 0.078796 -0.174049 0.156530 1.308208 0.606995 -0.948437 -0.348711 -2.153063 -1.340450 1.161378 1.244622
-0.564324 0.074425 -0.174043 0.156306 1.253239 0.643999 -0.942279 -0.339554 -2.142382 -1.355038 1.156112 1.242234
-0.559299 0.070412 -0.174501 0.156123 1.194529 0.680786 -0.938948 -0.332004 -2.124953 -1.369388 1.152866 1.240558
-0.552188 0.066850 -0.175262 0.155983 1.134720 0.716677 -0.937573 -0.326088 -2.102341 -1.383359 1.151456 1.239577
-0.542706 0.063537 -0.176235 0.155882 1.069925 0.754710 -0.937354 -0.321493 -2.072881 -1.398240 1.152442 1.239334
-0.532204 0.060810 -0.177203 0.155834 1.007442 0.791322 -0.937556 -0.318571 -2.040304 -1.412732 1.155705 1.239816
-0.521444 0.058730 -0.178062 0.155836 0.949863 0.825474 -0.937582 -0.317244 -2.006482 -1.426495 1.160981 1.240964
-0.508997 0.056988 -0.178890 0.155938 0.885650 0.864079 -0.936789 -0.317486 -1.964084 -1.442429 1.169806 1.243350
-0.496707 0.056012 -0.179480 0.156271 0.822305 0.902726 -0.934309 -0.321828 -1.917194 -1.458928 1.182221 1.249831
-0.485964 0.055910 -0.179764 0.156872 0.768256 0.936483 -0.930024 -0.331903 -1.873141 -1.473934 1.196477 1.262444
-0.474202 0.056651 -0.179834 0.158027 0.711655 0.972863 -0.922544 -0.352292 -1.823034 -1.490813 1.215880 1.287132
-0.463177 0.058277 -0.179738 0.159624 0.662152 1.006006 -0.912112 -0.380966 -1.775297 -1.506618 1.237604 1.322960
-0.452178 0.060792 -0.179619 0.161610 0.617026 1.037676 -0.898068 -0.416272 -1.728251 -1.521478 1.261083 1.367675
-0.440294 0.065318 -0.179366 0.164061 0.578009 1.066669 -0.879910 -0.456395 -1.684093 -1.534317 1.284142 1.416503
-0.426436 0.072912 -0.178799 0.166861 0.545698 1.092063 -0.858489 -0.498303 -1.644342 -1.544344 1.304526 1.463537
-0.402802 0.088492 -0.177663 0.171366 0.504785 1.125858 -0.821543 -0.563465 -1.588830 -1.554738 1.329531 1.529236
-0.382259 0.104009 -0.176555 0.175240 0.476903 1.149388 -0.788544 -0.616190 -1.546725 -1.558579 1.342902 1.578582
-0.361491 0.121018 -0.175298 0.179214 0.452749 1.169595 -0.754398 -0.666655 -1.506908 -1.558693 1.349838 1.624058
-0.340425 0.139385 -0.173889 0.183358 0.430963 1.187253 -0.719095 -0.715101 -1.467922 -1.556122 1.351988 1.666810
-0.316058 0.161887 -0.172093 0.188476 0.408171 1.204530 -0.677464 -0.767874 -1.422772 -1.550426 1.349480 1.712735
-0.293658 0.183564 -0.170341 0.193614 0.388738 1.217871 -0.638456 -0.814866 -1.379683 -1.543183 1.343466 1.752286
-0.272800 0.204541 -0.168671 0.198748 0.371158 1.228214 -0.601475 -0.857932 -1.338405 -1.534897 1.335028 1.787191
-0.255017 0.223015 -0.167216 0.203404 0.355614 1.235345 -0.569679 -0.894587 -1.302337 -1.526616 1.325657 1.815645
-0.240557 0.238476 -0.165946 0.207425 0.341509 1.240073 -0.543002 -0.925086 -1.271658 -1.518911 1.316410 1.838250
-0.228069 0.252620 -0.164686 0.211222 0.327826 1.243790 -0.517924 -0.953424 -1.242510 -1.511045 1.306505 1.857927
-0.219869 0.263057 -0.163710 0.213918 0.318342 1.245974 -0.499541 -0.973848 -1.221945 -1.504895 1.298434 1.870793
-0.215376 0.270130 -0.163080 0.215611 0.313190 1.246790 -0.488170 -0.986427 -1.210064 -1.500882 1.293030 1.878391
-0.214789 0.272655 -0.162924 0.216161 0.314791 1.253209 -0.479582 -0.997726 -1.208894 -1.510785 1.292103 1.879141
-0.213344 0.278823 -0.163298 0.216128 0.324908 1.273143 -0.473118 -1.012106 -1.220432 -1.539493 1.296489 1.875791
-0.210823 0.286228 -0.163640 0.215699 0.337617 1.294990 -0.466849 -1.028965 -1.233551 -1.579696 1.300613 1.868550
-0.207238 0.296299 -0.163961 0.214421 0.353832 1.319705 -0.460423 -1.049313 -1.248760 -1.639784 1.304592 1.853133
-0.203192 0.309973 -0.164209 0.212379 0.371222 1.343922 -0.454716 -1.070079 -1.263619 -1.702558 1.307897 1.828925
-0.198277 0.328870 -0.164412 0.209444 0.391938 1.368580 -0.448934 -1.091440 -1.279729 -1.772992 1.310967 1.792614
-0.193350 0.348834 -0.164545 0.206550 0.412638 1.388807 -0.443917 -1.108719 -1.294348 -1.839496 1.313376 1.752198
-0.187767 0.371946 -0.164631 0.203764 0.436294 1.406886 -0.438845 -1.124122 -1.309427 -1.908415 1.315521 1.703822
-0.181793 0.396367 -0.164661 0.201498 0.462105 1.419984 -0.433917 -1.135936 -1.324193 -1.972505 1.317263 1.650761
-0.175326 0.421207 -0.164624 0.199665 0.490800 1.426037 -0.428979 -1.143298 -1.338898 -2.030665 1.318651 1.593514
-0.169581 0.440887 -0.164540 0.198258 0.517165 1.422958 -0.424850 -1.144365 -1.350960 -2.072974 1.319490 1.543988
-0.163243 0.459175 -0.164399 0.197108 0.547320 1.410927 -0.420485 -1.140777 -1.363327 -2.109751 1.320014 1.492414
-0.157939 0.471336 -0.164232 0.196683 0.573679 1.393951 -0.416937 -1.135133 -1.372908 -2.131600 1.320118 1.453319
-0.151522 0.483051 -0.163959 0.196420 0.609830 1.362329 -0.412413 -1.125031 -1.384395 -2.148865 1.319802 1.410008
-0.147375 0.488998 -0.163684 0.196080 0.640523 1.329305 -0.408821 -1.115064 -1.392722 -2.155308 1.319123 1.383931
-0.143978 0.491961 -0.163341 0.195348 0.675149 1.286393 -0.404971 -1.102978 -1.400705 -2.155225 1.317954 1.364998
-0.141958 0.491557 -0.162998 0.194522 0.706488 1.243162 -0.401626 -1.091755 -1.406732 -2.149303 1.316536 1.353900
-0.140983 0.488614 -0.162657 0.193769 0.735347 1.199976 -0.398638 -1.081681 -1.411236 -2.139135 1.314902 1.347153
-0.140984 0.480360 -0.162142 0.192994 0.776171 1.134415 -0.394499 -1.068917 -1.415963 -2.117747 1.312036 1.340356
-0.141722 0.473532 -0.161840 0.192742 0.798692 1.096254 -0.392231 -1.062843 -1.417645 -2.102348 1.310131 1.337423
-0.143335 0.462864 -0.161455 0.192272 0.826227 1.048107 -0.389464 -1.055324 -1.418834 -2.080255 1.307495 1.335888
-0.146877 0.443835 -0.160911 0.191325 0.863938 0.979748 -0.385614 -1.044230 -1.418388 -2.043620 1.303223 1.337291
-0.150490 0.427465 -0.160512 0.190408 0.890978 0.928187 -0.382784 -1.035192 -1.415494 -2.010951 1.299609 1.340690
-0.155258 0.408622 -0.160042 0.189270 0.918661 0.872900 -0.379922 -1.024372 -1.410155 -1.971199 1.294961 1.346048
-0.160134 0.391090 -0.159522 0.188150 0.942293 0.824692 -0.378346 -1.013505 -1.404001 -1.932537 1.290159 1.351845
-0.165699 0.372683 -0.159098 0.186933 0.965272 0.776622 -0.378806 -1.000806 -1.396730 -1.890196 1.287491 1.358425
-0.172783 0.350123 -0.159099 0.185391 0.990999 0.721322 -0.383686 -0.983122 -1.387411 -1.837016 1.292232 1.366474
