0.026396 -0.156109 -0.026587 -0.135038 4.678717 -8.408771 0.447802 1.336883 -0.115184 3.200947 -0.396097 -0.285990
0.110208 -0.025260 -0.023869 -0.135368 5.429658 -9.901197 0.518914 1.607642 0.022691 4.147716 -0.504371 -0.160977
0.187836 0.291950 0.009407 0.004053 1.425564 -2.859842 0.108750 0.561661 0.320856 1.966936 -0.232941 0.288531
0.210234 0.316950 0.009528 0.007301 1.299653 -2.634188 0.024209 0.610552 0.370617 2.033261 -0.186850 0.320713
0.237673 0.370153 -0.006461 0.007294 1.253070 -2.578062 -0.127947 0.728097 0.423084 2.212680 0.043261 0.351466
0.256103 0.423503 -0.039269 0.004604 1.209798 -2.522951 -0.335982 0.862751 0.450543 2.352769 0.458200 0.356822
0.253257 0.424522 -0.076346 -0.000064 1.065054 -2.254113 -0.580478 0.945257 0.417996 2.260559 0.938662 0.307117
0.276959 0.436266 -0.110826 -0.004879 1.020594 -2.203489 -0.944916 1.136266 0.401614 2.344562 1.455334 0.258222
0.283668 0.402966 -0.135503 -0.006844 0.944220 -2.075467 -1.234847 1.276871 0.352058 2.320361 1.798447 0.177043
0.276897 0.332036 -0.163620 -0.007260 0.859863 -1.920047 -1.452095 1.395753 0.275899 2.272933 2.055109 0.060357
0.266115 0.271932 -0.182958 -0.008417 0.789908 -1.805399 -1.602709 1.475382 0.193814 2.233427 2.185220 -0.053792
0.254577 0.242030 -0.195273 -0.009180 0.722261 -1.713971 -1.767070 1.553991 0.087983 2.210241 2.246146 -0.170306
0.260604 0.245608 -0.215378 -0.008860 0.714863 -1.730298 -2.055862 1.730163 -0.025948 2.353990 2.406917 -0.283146
0.235840 0.216864 -0.208138 -0.006198 0.635922 -1.503888 -2.091874 1.681113 -0.135935 2.215756 2.257004 -0.347108
0.207456 0.177938 -0.191543 -0.002700 0.563849 -1.211143 -2.049712 1.566585 -0.227059 2.028953 2.019347 -0.378072
0.193339 0.152239 -0.178270 0.000581 0.543955 -0.984425 -2.082263 1.517129 -0.312680 1.926255 1.850197 -0.404191
0.190211 0.142933 -0.160373 0.004031 0.548962 -0.785266 -2.154098 1.489785 -0.412439 1.775722 1.665924 -0.426738
0.190696 0.144742 -0.128376 0.006775 0.541809 -0.612784 -2.135088 1.400440 -0.497750 1.482943 1.376247 -0.420310
0.188884 0.165102 -0.080203 0.010018 0.555904 -0.443588 -2.029200 1.263498 -0.535102 1.078303 0.970782 -0.385410
0.173931 0.208565 -0.024627 0.016228 0.608985 -0.262300 -1.902928 1.157989 -0.631089 0.713843 0.531661 -0.337199
0.138163 0.255431 0.045104 0.024191 0.678604 -0.057615 -1.762356 1.073973 -1.054935 0.408543 -0.009926 -0.286046
0.125479 0.274239 0.111175 0.026758 0.800399 0.120005 -1.604461 0.973502 -1.595119 0.187214 -0.570730 -0.260685
0.157105 0.286866 0.173822 0.026443 1.080777 0.308914 -1.479708 0.902486 -2.276474 0.017966 -1.176032 -0.267443
0.201350 0.314001 0.236672 0.028058 1.466960 0.535986 -1.424069 0.914908 -3.230267 -0.109506 -1.844236 -0.295368
0.249849 0.305867 0.264692 0.026849 1.645336 0.713865 -1.169507 0.839906 -3.600278 -0.210487 -2.295438 -0.290531
0.291949 0.294742 0.278431 0.025544 1.693014 0.869145 -0.860291 0.767030 -3.668220 -0.298310 -2.653789 -0.279704
0.307914 0.303127 0.301640 0.026146 1.681935 1.052330 -0.574535 0.754482 -3.871556 -0.389525 -3.099729 -0.283178
0.328236 0.306107 0.309498 0.026538 1.456530 1.203229 -0.220893 0.731801 -3.770660 -0.465743 -3.395945 -0.276816
0.391684 0.308849 0.290137 0.027485 1.022921 1.329436 0.147956 0.711818 -3.408100 -0.527517 -3.390339 -0.265497
0.490528 0.315021 0.263486 0.030020 0.487525 1.441202 0.445331 0.700802 -2.930850 -0.578287 -3.169088 -0.253238
0.577820 0.325519 0.240125 0.033620 -0.068522 1.541472 0.630524 0.694535 -2.410237 -0.617589 -2.846556 -0.239867
0.617509 0.332747 0.198913 0.035282 -0.626170 1.592910 0.711218 0.662819 -1.803904 -0.627642 -2.321341 -0.220010
0.633302 0.347447 0.147466 0.036207 -1.229858 1.665060 0.736591 0.627281 -1.181983 -0.633890 -1.694377 -0.202277
0.620410 0.349350 0.102187 0.037040 -1.823653 1.753687 0.698341 0.591272 -0.633300 -0.641467 -1.106139 -0.184230
0.552939 0.315109 0.071192 0.035257 -2.220487 1.736822 0.545763 0.516485 -0.169327 -0.614053 -0.625582 -0.153370
0.518992 0.309999 0.058857 0.034996 -2.670249 1.819285 0.379129 0.465678 0.235130 -0.624156 -0.343555 -0.128276
0.486551 0.319825 0.054797 0.034184 -3.018317 1.891992 0.240090 0.412944 0.588015 -0.634104 -0.201558 -0.102068
0.385655 0.291010 0.048517 0.028742 -2.885316 1.715513 0.116593 0.311921 0.800802 -0.565333 -0.109417 -0.064391
0.350267 0.328475 0.051074 0.029075 -3.355784 1.933323 0.047055 0.271619 1.199693 -0.630396 -0.024510 -0.035483
0.308263 0.374421 0.051568 0.029409 -3.858785 2.207714 0.010515 0.227742 1.632384 -0.718735 0.090559 -0.001217
0.197000 0.368416 0.040944 0.023835 -3.779669 2.188980 0.002973 0.121102 1.905916 -0.717947 0.247527 0.049976
0.124643 0.327213 0.027938 0.017152 -3.332369 1.968415 0.031125 0.026459 1.915645 -0.654887 0.351224 0.092167
0.099288 0.291570 0.015363 0.015331 -2.971485 1.795138 0.092237 -0.111110 1.945610 -0.612447 0.464981 0.204989
0.091639 0.304412 0.005291 0.026536 -3.127350 1.937818 0.199321 -0.380166 2.273900 -0.682684 0.666484 0.501088
0.061387 0.287200 -0.007700 0.050116 -3.002037 1.924887 0.339353 -0.801730 2.407530 -0.707454 0.858199 0.981743
0.018899 0.247005 -0.019220 0.090636 -2.681875 1.796910 0.491829 -1.248673 2.359918 -0.684529 1.004211 1.541552
-0.026579 0.203501 -0.024520 0.142961 -2.401690 1.700870 0.676548 -1.642056 2.310618 -0.646747 1.118911 2.068640
-0.135640 0.105341 -0.030935 0.190352 -2.259242 1.714008 0.973056 -2.105822 2.379353 -0.617516 1.239443 2.590201
-0.305587 -0.085232 -0.040697 0.190753 -1.910128 1.557818 1.194650 -2.305127 2.197847 -0.502386 1.158870 2.649747
-0.486057 -0.307006 -0.050077 0.174417 -1.568507 1.380144 1.388165 -2.408873 2.002804 -0.349722 0.976211 2.506402
-0.638556 -0.511937 -0.054788 0.180192 -1.438048 1.327318 1.633406 -2.617505 2.019481 -0.212179 0.803457 2.528476
-0.683801 -0.641360 -0.048592 0.174823 -1.188285 1.126311 1.665202 -2.477201 1.838511 -0.039275 0.491439 2.279624
-0.803981 -0.855307 -0.049841 0.199235 -1.131521 1.074781 1.915630 -2.628821 1.948312 0.130087 0.224381 2.342337
-0.881189 -1.027435 -0.054522 0.216842 -1.085360 1.007117 2.100949 -2.694502 2.065375 0.263044 0.005122 2.361417
-0.810912 -1.044172 -0.053420 0.196285 -0.887050 0.779574 1.968870 -2.365705 1.926020 0.349879 -0.205615 2.022496
-0.784059 -1.090321 -0.054687 0.185579 -0.799928 0.636105 1.940021 -2.242403 1.916746 0.418939 -0.355257 1.850595
-0.706655 -1.035675 -0.050379 0.164553 -0.709967 0.474239 1.754077 -1.988526 1.749661 0.434699 -0.433541 1.579841
-0.622887 -0.956465 -0.046426 0.144406 -0.675814 0.334099 1.561293 -1.755904 1.579730 0.435440 -0.481127 1.329985
-0.514176 -0.847157 -0.043218 0.122789 -0.634388 0.239100 1.377993 -1.536041 1.408237 0.418799 -0.493613 1.097461
-0.352310 -0.664304 -0.035282 0.087807 -0.483955 0.152217 1.073043 -1.180313 1.076595 0.349842 -0.433904 0.774690
-0.213645 -0.506822 -0.025076 0.057164 -0.301164 0.073903 0.751456 -0.820329 0.709866 0.257195 -0.332306 0.503927
-0.063061 -0.139323 -0.022672 0.012527 -0.002382 0.231148 0.454178 -0.553473 0.182481 -0.231564 -0.108120 0.144986
-0.055839 0.102367 -0.030977 -0.021051 0.327302 0.673541 0.322043 -0.571563 -0.318303 -0.932563 0.117649 -0.122275
-0.178029 0.105109 -0.040696 -0.043847 0.597466 1.088685 0.346293 -0.825058 -0.597425 -1.725114 0.202711 -0.302479
-0.231432 0.161071 -0.042091 -0.083154 0.749688 1.196602 0.348006 -0.970079 -0.682003 -2.476650 0.193828 -0.612287
-0.260749 0.110656 -0.039024 -0.135364 0.842068 1.194392 0.312099 -1.018932 -0.690641 -2.909420 0.161838 -1.051258
-0.299211 -0.003554 -0.039344 -0.192661 0.985110 1.229242 0.305692 -1.060703 -0.734946 -3.233815 0.146286 -1.590304
-0.320681 -0.085638 -0.038144 -0.228872 1.089577 1.129116 0.288341 -0.962184 -0.735749 -3.371845 0.124896 -2.019535
-0.328920 -0.130749 -0.036256 -0.245743 1.162133 0.954202 0.267255 -0.802334 -0.707614 -3.302011 0.102362 -2.284274
-0.346947 -0.186234 -0.035918 -0.263843 1.280754 0.741226 0.259290 -0.642641 -0.700105 -3.174381 0.084531 -2.546904
-0.356713 -0.248597 -0.035097 -0.269503 1.374381 0.423336 0.249334 -0.437814 -0.676560 -2.866071 0.066191 -2.673988
-0.370005 -0.320987 -0.034643 -0.270312 1.494468 -0.045075 0.243315 -0.164324 -0.654006 -2.494535 0.046909 -2.749036
-0.304340 -0.298210 -0.027479 -0.216909 1.274067 -0.368553 0.192372 0.045662 -0.508435 -1.745724 0.025642 -2.197255
-0.359286 -0.427805 -0.030769 -0.253462 1.599185 -1.040784 0.216699 0.292105 -0.545868 -1.435803 0.006656 -2.332109
-0.401648 -0.560135 -0.034478 -0.281128 1.930827 -1.640373 0.245713 0.458345 -0.592182 -1.220053 -0.009775 -2.415691
-0.277465 -0.494359 -0.025812 -0.189147 1.627341 -1.806603 0.189859 0.480380 -0.418380 -0.501831 -0.029480 -1.474168
-0.233618 -0.507164 -0.024910 -0.149689 1.752043 -2.268383 0.191917 0.565974 -0.379332 -0.167407 -0.050725 -1.060734
-0.181573 -0.472547 -0.022598 -0.112169 1.781007 -2.575560 0.185527 0.596952 -0.319523 0.152601 -0.069757 -0.694005
-0.072158 -0.208452 -0.009915 -0.045357 0.835330 -1.268997 0.084979 0.282123 -0.133863 0.146895 -0.037209 -0.253376
