-0.249268 0.120604 -0.216010 0.204108 0.792140 1.336436 -0.428722 -1.089439 -1.564847 -2.299050 1.386887 1.352077
-0.248268 0.114181 -0.217082 0.198668 0.980071 0.998850 -0.410733 -1.035703 -1.569564 -2.170809 1.371004 1.340449
-0.244860 0.119594 -0.216965 0.198693 1.009326 0.940388 -0.407965 -1.025133 -1.563939 -2.133141 1.366712 1.345638
-0.240755 0.125859 -0.216706 0.198831 1.037093 0.884456 -0.406383 -1.013236 -1.556730 -2.092132 1.361686 1.351991
-0.236450 0.132272 -0.216584 0.198985 1.061312 0.835021 -0.406997 -1.000711 -1.549115 -2.051811 1.359238 1.358466
-0.231248 0.140665 -0.216965 0.199122 1.087216 0.781334 -0.411501 -0.984112 -1.539807 -2.003625 1.363417 1.366049
-0.226206 0.149212 -0.218154 0.199170 1.109704 0.734103 -0.420436 -0.966201 -1.531093 -1.957700 1.377566 1.372739
-0.221118 0.157646 -0.220018 0.199120 1.129818 0.691170 -0.434720 -0.946302 -1.523087 -1.913202 1.400963 1.378334
-0.215128 0.166662 -0.222587 0.198974 1.150528 0.645963 -0.458233 -0.920751 -1.515028 -1.863918 1.435780 1.383068
-0.209771 0.173764 -0.225439 0.198846 1.167587 0.608151 -0.484114 -0.895227 -1.509005 -1.820388 1.472901 1.385416
-0.204052 0.179944 -0.229132 0.198684 1.184923 0.569161 -0.516317 -0.864921 -1.503992 -1.773000 1.517984 1.385482
-0.199126 0.184642 -0.232757 0.198509 1.199183 0.535935 -0.548222 -0.836212 -1.501252 -1.731051 1.560310 1.383264
-0.193869 0.189625 -0.236943 0.198317 1.213813 0.500602 -0.587000 -0.802761 -1.500473 -1.684591 1.607830 1.378670
-0.188702 0.194466 -0.241372 0.198155 1.227778 0.466723 -0.630457 -0.767005 -1.502290 -1.636891 1.656587 1.371938
-0.184435 0.198300 -0.245269 0.198069 1.239250 0.440447 -0.670675 -0.735516 -1.505910 -1.595960 1.698110 1.364786
-0.180404 0.201583 -0.249034 0.198047 1.250332 0.418277 -0.712445 -0.704342 -1.511372 -1.555733 1.737361 1.356815
-0.176702 0.204389 -0.252399 0.198092 1.261008 0.401070 -0.753965 -0.674831 -1.518418 -1.518910 1.772118 1.348618
-0.172795 0.207301 -0.255449 0.198208 1.272290 0.386867 -0.798609 -0.644751 -1.527870 -1.484704 1.803998 1.339746
-0.169074 0.210179 -0.257534 0.198363 1.282680 0.376558 -0.839369 -0.618814 -1.538328 -1.459593 1.827168 1.331806
-0.165240 0.213905 -0.258657 0.198609 1.294526 0.369123 -0.879777 -0.594211 -1.549274 -1.441572 1.842829 1.324329
-0.162117 0.218521 -0.258520 0.199012 1.307040 0.366066 -0.915486 -0.572494 -1.563571 -1.431039 1.848434 1.318318
-0.159714 0.224122 -0.256853 0.199577 1.321671 0.366819 -0.950271 -0.551252 -1.591471 -1.425230 1.842432 1.312888
-0.157097 0.229491 -0.254073 0.200082 1.339056 0.370867 -0.979664 -0.533554 -1.627376 -1.423550 1.825605 1.307891
-0.153429 0.235597 -0.249900 0.200634 1.364902 0.379175 -1.009460 -0.515152 -1.682530 -1.424512 1.795391 1.302190
-0.149043 0.242051 -0.244606 0.201205 1.397734 0.392306 -1.036627 -0.496958 -1.756587 -1.427931 1.751835 1.296076
-0.143435 0.247831 -0.239312 0.201708 1.430715 0.407730 -1.056240 -0.481556 -1.826541 -1.432931 1.703573 1.290569
-0.137365 0.253841 -0.233468 0.202227 1.465455 0.427072 -1.071039 -0.466276 -1.903315 -1.439863 1.645684 1.284888
-0.131119 0.259956 -0.227246 0.202754 1.497992 0.449823 -1.079221 -0.451377 -1.981404 -1.448512 1.579584 1.279241
-0.124236 0.266085 -0.221089 0.203288 1.523716 0.475201 -1.079874 -0.437004 -2.054142 -1.458493 1.509846 1.273815
-0.115451 0.272310 -0.215641 0.203854 1.538909 0.503000 -1.073303 -0.422904 -2.117728 -1.469613 1.443970 1.268622
-0.104615 0.278686 -0.210549 0.204489 1.543217 0.532849 -1.062061 -0.408972 -2.171376 -1.481624 1.383083 1.263685
-0.092339 0.285331 -0.206036 0.205198 1.536168 0.564659 -1.048082 -0.395123 -2.214137 -1.494316 1.330108 1.259027
-0.079915 0.291996 -0.202593 0.205900 1.518170 0.596565 -1.033612 -0.382460 -2.243532 -1.506730 1.290229 1.254885
-0.067007 0.299229 -0.200137 0.206647 1.486974 0.631262 -1.018618 -0.370031 -2.261416 -1.519672 1.262333 1.250936
-0.055098 0.305970 -0.198505 0.207382 1.445224 0.666713 -1.005679 -0.358809 -2.268864 -1.532389 1.245983 1.247516
-0.044889 0.311833 -0.197290 0.208057 1.398155 0.700734 -0.996788 -0.349372 -2.268190 -1.544234 1.237310 1.244801
-0.034338 0.318370 -0.196151 0.208782 1.338414 0.739484 -0.990514 -0.340182 -2.259459 -1.557355 1.232241 1.242385
-0.025427 0.324626 -0.195098 0.209424 1.277422 0.776414 -0.987184 -0.332854 -2.244669 -1.569598 1.229247 1.240718
-0.018912 0.330010 -0.194210 0.209931 1.223001 0.808105 -0.985850 -0.327705 -2.227427 -1.579968 1.227865 1.239809
-0.011416 0.337765 -0.193055 0.210587 1.143191 0.853747 -0.985302 -0.321989 -2.196681 -1.594814 1.228267 1.239299
-0.006582 0.344987 -0.192147 0.211108 1.068650 0.896413 -0.985429 -0.318595 -2.162131 -1.608717 1.231487 1.239760
-0.003536 0.352502 -0.191417 0.211541 0.992004 0.941306 -0.985183 -0.317145 -2.120445 -1.623532 1.238168 1.241298
-0.001596 0.358075 -0.191030 0.211794 0.935355 0.975150 -0.984184 -0.317537 -2.085506 -1.634913 1.245536 1.243447
0.000435 0.364165 -0.190803 0.212154 0.873144 1.013112 -0.981494 -0.321590 -2.042620 -1.648030 1.256767 1.249498
0.002070 0.370252 -0.190818 0.212855 0.810261 1.052663 -0.976211 -0.332743 -1.994550 -1.662220 1.272195 1.263491
0.002891 0.375653 -0.191111 0.214159 0.753063 1.090107 -0.967920 -0.353659 -1.946319 -1.676328 1.291095 1.288767
0.002825 0.380132 -0.191587 0.216481 0.702986 1.124539 -0.956538 -0.382690 -1.900153 -1.689601 1.312364 1.325153
0.001828 0.383793 -0.192091 0.219877 0.656995 1.158142 -0.940858 -0.419341 -1.853894 -1.702198 1.335852 1.371513
-0.002600 0.384346 -0.192824 0.224095 0.612617 1.193100 -0.917616 -0.466923 -1.804979 -1.714302 1.361941 1.428761
-0.010396 0.380384 -0.193719 0.227507 0.580590 1.220455 -0.893072 -0.511546 -1.765980 -1.722293 1.382207 1.477503
-0.022042 0.372066 -0.194828 0.231071 0.549876 1.248305 -0.862089 -0.563278 -1.724867 -1.728291 1.400990 1.529017
-0.035938 0.359906 -0.195911 0.234715 0.523068 1.273548 -0.827735 -0.616247 -1.685201 -1.730780 1.414345 1.578642
-0.049394 0.346411 -0.196771 0.238064 0.502345 1.293358 -0.795481 -0.662366 -1.651326 -1.729862 1.420647 1.620202
-0.068097 0.325694 -0.197904 0.242684 0.477808 1.316539 -0.751110 -0.721399 -1.607269 -1.725577 1.423320 1.672335
-0.084642 0.305314 -0.198952 0.246738 0.458931 1.333642 -0.711443 -0.770146 -1.568711 -1.719340 1.420852 1.714659
-0.100534 0.283927 -0.200041 0.250536 0.442326 1.347722 -0.672355 -0.816028 -1.530228 -1.711582 1.415095 1.753235
-0.116004 0.261701 -0.201140 0.254161 0.426933 1.359087 -0.633843 -0.859842 -1.492041 -1.702583 1.406642 1.788682
-0.128800 0.242500 -0.202056 0.257118 0.413927 1.366691 -0.602192 -0.895569 -1.460242 -1.694194 1.397754 1.816429
-0.140920 0.223442 -0.202997 0.259937 0.399901 1.372451 -0.571391 -0.930078 -1.428852 -1.685165 1.387397 1.841882
-0.149367 0.208614 -0.203785 0.262029 0.388551 1.376255 -0.547073 -0.957010 -1.403912 -1.677442 1.378009 1.860327
-0.155012 0.196870 -0.204408 0.263450 0.380543 1.378539 -0.528469 -0.977291 -1.385788 -1.671171 1.370041 1.872869
-0.157913 0.188341 -0.204788 0.264316 0.376505 1.379211 -0.517014 -0.989823 -1.375517 -1.667154 1.364717 1.880484
-0.157535 0.191297 -0.205315 0.263951 0.380447 1.387785 -0.510302 -0.999430 -1.378489 -1.680434 1.365716 1.878669
-0.160146 0.192436 -0.206027 0.263474 0.389597 1.406153 -0.504133 -1.012686 -1.388250 -1.704457 1.369423 1.875593
-0.164656 0.195502 -0.206943 0.262197 0.404346 1.431333 -0.496450 -1.032432 -1.402386 -1.749438 1.373824 1.866570
-0.169404 0.198878 -0.207711 0.260148 0.419584 1.454017 -0.490212 -1.051489 -1.415530 -1.803523 1.377176 1.851102
-0.175086 0.199928 -0.208504 0.256782 0.438029 1.479108 -0.483966 -1.073190 -1.430012 -1.865815 1.380298 1.824519
-0.181372 0.198736 -0.209285 0.252441 0.458989 1.503187 -0.477985 -1.093917 -1.444928 -1.932875 1.383028 1.787490
-0.187913 0.196502 -0.210029 0.247627 0.481612 1.524273 -0.472433 -1.111677 -1.459442 -2.000689 1.385294 1.743738
-0.194529 0.193506 -0.210735 0.242611 0.505474 1.541355 -0.467295 -1.126011 -1.473232 -2.064956 1.387122 1.696119
-0.201791 0.189053 -0.211466 0.237074 0.532842 1.553922 -0.462061 -1.137382 -1.487446 -2.127664 1.388675 1.641862
-0.208797 0.183562 -0.212139 0.231831 0.560449 1.558288 -0.457321 -1.143523 -1.500294 -2.179598 1.389770 1.589159
-0.216591 0.176213 -0.212852 0.226261 0.592621 1.552119 -0.452328 -1.143955 -1.513606 -2.227446 1.390551 1.531900
-0.220971 0.171634 -0.213238 0.223155 0.611412 1.543546 -0.449626 -1.141697 -1.520632 -2.249427 1.390795 1.501269
-0.230962 0.159101 -0.214083 0.216123 0.656588 1.510488 -0.443660 -1.132271 -1.535441 -2.284878 1.390818 1.438616
-0.237037 0.149229 -0.214617 0.211910 0.688645 1.477931 -0.439798 -1.123363 -1.544319 -2.298230 1.390404 1.404641
-0.242061 0.139327 -0.215115 0.208557 0.721682 1.438223 -0.436066 -1.113056 -1.552176 -2.304951 1.389638 1.379649
-0.246382 0.128942 -0.215613 0.205922 0.758727 1.387196 -0.432121 -1.100724 -1.559492 -2.304926 1.388375 1.362212
-0.249324 0.120425 -0.216019 0.204070 0.792922 1.335201 -0.428645 -1.089178 -1.564957 -2.298847 1.386848 1.351889
