-0.229257 0.303721 -0.167657 0.216125 0.376438 1.379208 -0.516767 -0.990100 -1.375307 -1.667065 1.364597 1.880662
-0.212858 0.370719 -0.169280 0.209681 0.454569 1.498438 -0.479179 -1.089862 -1.441886 -1.918934 1.382502 1.795644
-0.211583 0.376561 -0.169322 0.208953 0.459690 1.503794 -0.477823 -1.094421 -1.445361 -1.934945 1.383090 1.786087
-0.210307 0.382402 -0.169365 0.208225 0.464810 1.509150 -0.476466 -1.098981 -1.448837 -1.950955 1.383679 1.776530
-0.187170 0.489932 -0.169548 0.199481 0.561646 1.558290 -0.457127 -1.143672 -1.500821 -2.181622 1.389808 1.586934
-0.179970 0.517802 -0.169444 0.197863 0.594134 1.551514 -0.452106 -1.143798 -1.514188 -2.229354 1.390575 1.529350
-0.173701 0.537559 -0.169299 0.196970 0.623716 1.536199 -0.447934 -1.139598 -1.524940 -2.261390 1.390874 1.482653
-0.166918 0.553878 -0.169083 0.196574 0.657667 1.509465 -0.443527 -1.131987 -1.535756 -2.285411 1.390807 1.437369
-0.161192 0.564409 -0.168819 0.196355 0.691862 1.474293 -0.439425 -1.122393 -1.545133 -2.299146 1.390343 1.401787
-0.156859 0.569887 -0.168512 0.195891 0.726500 1.431767 -0.435547 -1.111466 -1.553174 -2.305166 1.389487 1.377189
-0.153866 0.570983 -0.168177 0.195156 0.760185 1.384941 -0.431974 -1.100227 -1.559715 -2.304622 1.388308 1.361821
-0.152047 0.568563 -0.167831 0.194347 0.792166 1.336281 -0.428723 -1.089441 -1.564815 -2.298889 1.386875 1.352179
-0.151130 0.560260 -0.167326 0.193364 0.835180 1.265480 -0.424512 -1.075724 -1.569944 -2.283682 1.384443 1.343899
-0.151480 0.551957 -0.166984 0.192972 0.862365 1.218124 -0.421916 -1.068170 -1.572105 -2.269715 1.382574 1.339929
-0.152999 0.537321 -0.166504 0.192521 0.898693 1.152680 -0.418482 -1.058913 -1.573741 -2.246384 1.379669 1.336277
-0.155194 0.522118 -0.166100 0.191962 0.927969 1.098539 -0.415717 -1.051233 -1.573892 -2.223503 1.376933 1.335848
-0.158770 0.501447 -0.165633 0.191098 0.960562 1.036840 -0.412614 -1.041903 -1.572063 -2.192640 1.373392 1.337992
-0.163129 0.480082 -0.165204 0.190098 0.990127 0.978873 -0.409750 -1.032236 -1.567840 -2.158425 1.369670 1.342068
-0.166905 0.463500 -0.164844 0.189269 1.011291 0.936443 -0.407782 -1.024386 -1.563510 -2.130477 1.366366 1.346028
-0.174567 0.433420 -0.164081 0.187666 1.046674 0.865023 -0.406299 -1.008601 -1.553877 -2.076789 1.360261 1.354447
-0.181333 0.409275 -0.163761 0.186307 1.072648 0.811614 -0.408374 -0.993896 -1.545160 -2.031332 1.359891 1.361735
-0.187285 0.388873 -0.163988 0.185117 1.093061 0.769097 -0.413469 -0.979687 -1.537567 -1.991919 1.366349 1.367798
-0.195693 0.361930 -0.165220 0.183452 1.118693 0.714992 -0.426115 -0.957722 -1.527517 -1.938133 1.387030 1.375302
-0.203680 0.339101 -0.167218 0.181869 1.139721 0.669683 -0.444827 -0.934745 -1.519186 -1.890053 1.416339 1.380761
-0.211139 0.320299 -0.169618 0.180328 1.157049 0.631542 -0.467683 -0.911332 -1.512661 -1.847511 1.449349 1.384111
-0.220182 0.299891 -0.173066 0.178310 1.176460 0.588310 -0.499676 -0.880378 -1.506239 -1.796630 1.494945 1.385849
-0.228437 0.283698 -0.176723 0.176372 1.192778 0.551052 -0.533119 -0.849630 -1.502256 -1.750323 1.540670 1.384568
-0.234063 0.273237 -0.179447 0.175025 1.203223 0.526297 -0.558237 -0.827424 -1.500783 -1.718618 1.573031 1.382253
-0.236560 0.268684 -0.180703 0.174423 1.207714 0.515468 -0.569931 -0.817286 -1.500455 -1.704476 1.587532 1.380918
-0.251056 0.243289 -0.188664 0.170969 1.232128 0.456551 -0.645347 -0.755209 -1.503472 -1.621491 1.672286 1.369354
-0.258047 0.231645 -0.192888 0.169386 1.243279 0.431834 -0.685547 -0.724207 -1.507626 -1.581333 1.712647 1.362006
-0.265545 0.219762 -0.197539 0.167816 1.255051 0.410075 -0.730734 -0.691142 -1.514253 -1.538957 1.753292 1.353226
-0.273746 0.208100 -0.202417 0.166304 1.267805 0.392086 -0.780715 -0.656573 -1.523805 -1.497537 1.792066 1.343291
-0.280391 0.200253 -0.205835 0.165296 1.277554 0.381318 -0.819524 -0.631259 -1.533023 -1.471027 1.816669 1.335638
-0.287745 0.193096 -0.208838 0.164395 1.288281 0.372313 -0.859656 -0.606405 -1.543865 -1.449638 1.836111 1.327982
-0.294896 0.186691 -0.210797 0.163661 1.299699 0.367325 -0.895203 -0.584871 -1.554026 -1.436386 1.846521 1.321634
-0.303749 0.179005 -0.211723 0.162891 1.314377 0.365948 -0.934217 -0.560982 -1.576759 -1.427343 1.847034 1.315435
-0.314151 0.172029 -0.210853 0.162245 1.331171 0.368849 -0.967433 -0.540927 -1.611153 -1.423989 1.833713 1.310018
-0.327532 0.165718 -0.208936 0.161683 1.351860 0.374736 -0.995491 -0.523874 -1.653904 -1.423785 1.811157 1.304947
-0.347023 0.158793 -0.205980 0.161090 1.380050 0.384987 -1.023076 -0.506274 -1.717019 -1.425888 1.775758 1.299259
-0.371419 0.152074 -0.202643 0.160537 1.412019 0.398725 -1.045745 -0.490122 -1.786777 -1.429942 1.731508 1.293659
-0.404652 0.144533 -0.198760 0.159944 1.450675 0.418419 -1.065382 -0.472754 -1.870120 -1.436703 1.671305 1.287315
-0.438468 0.137816 -0.195393 0.159445 1.484448 0.439735 -1.076445 -0.457736 -1.948035 -1.444638 1.608806 1.281656
-0.464516 0.132979 -0.193044 0.159105 1.506636 0.457052 -1.080311 -0.447062 -2.003851 -1.451325 1.558889 1.277604
-0.508816 0.125019 -0.189449 0.158596 1.533174 0.489458 -1.077269 -0.429593 -2.088755 -1.464178 1.474728 1.271064
-0.543853 0.118627 -0.186937 0.158209 1.542516 0.518527 -1.067805 -0.415535 -2.147318 -1.475860 1.411074 1.265981
-0.576653 0.112157 -0.184933 0.157827 1.540856 0.550197 -1.054575 -0.401267 -2.196532 -1.488575 1.352504 1.261071
-0.604104 0.105474 -0.183219 0.157467 1.526089 0.584585 -1.039025 -0.387081 -2.233924 -1.502116 1.303699 1.256386
-0.619623 0.100113 -0.181913 0.157205 1.504834 0.612852 -1.026416 -0.376466 -2.253464 -1.512875 1.275372 1.252964
-0.631211 0.093427 -0.180289 0.156890 1.464959 0.651009 -1.010936 -0.363565 -2.266897 -1.526816 1.251870 1.248940
-0.634545 0.088411 -0.179369 0.156642 1.419843 0.685693 -1.000151 -0.353353 -2.269536 -1.539045 1.240368 1.245919
-0.632614 0.083583 -0.179105 0.156405 1.362556 0.724214 -0.992611 -0.343619 -2.263771 -1.552222 1.233878 1.243256
-0.627330 0.079383 -0.179321 0.156218 1.304533 0.760193 -0.988423 -0.335934 -2.251755 -1.564241 1.230473 1.241388
-0.623044 0.077086 -0.179629 0.156124 1.269359 0.781132 -0.986954 -0.332057 -2.242215 -1.571144 1.228998 1.240569
-0.620736 0.076031 -0.179811 0.156084 1.252328 0.791107 -0.986455 -0.330360 -2.237073 -1.574415 1.228457 1.240247
-0.598817 0.069419 -0.181572 0.155894 1.124434 0.864425 -0.985574 -0.321665 -2.186398 -1.598291 1.229831 1.239666
-0.579835 0.065264 -0.182961 0.155830 1.028223 0.919954 -0.985399 -0.317614 -2.140835 -1.616457 1.234614 1.240457
-0.564174 0.063133 -0.183896 0.155895 0.958039 0.961550 -0.984676 -0.317210 -2.099845 -1.630318 1.242369 1.242437
-0.549801 0.061897 -0.184569 0.156125 0.894079 1.000245 -0.982589 -0.319744 -2.057484 -1.643544 1.252655 1.246943
-0.536479 0.061485 -0.184977 0.156589 0.835756 1.036447 -0.978761 -0.327028 -2.014666 -1.656322 1.265337 1.256455
-0.521938 0.062062 -0.185141 0.157574 0.774524 1.075866 -0.971506 -0.344289 -1.964932 -1.670878 1.283376 1.277467
-0.511916 0.063153 -0.185110 0.158646 0.734493 1.102679 -0.964195 -0.363344 -1.929622 -1.681178 1.298494 1.300732
-0.497433 0.065776 -0.184978 0.160639 0.680716 1.140547 -0.949665 -0.399178 -1.878232 -1.695675 1.323299 1.346104
-0.484457 0.069550 -0.184838 0.162852 0.638915 1.172068 -0.932504 -0.437178 -1.834484 -1.707167 1.346123 1.393431
-0.466282 0.078409 -0.184262 0.166123 0.597084 1.206131 -0.906592 -0.487451 -1.786499 -1.718310 1.371711 1.451787
-0.443603 0.092754 -0.183291 0.170026 0.560411 1.238599 -0.873663 -0.544457 -1.739443 -1.726515 1.394776 1.510724
-0.422617 0.108068 -0.182286 0.173589 0.533765 1.263384 -0.842419 -0.594144 -1.701551 -1.730238 1.409610 1.558252
-0.396363 0.129300 -0.180859 0.178108 0.506328 1.289553 -0.802287 -0.653019 -1.658205 -1.730345 1.419888 1.611906
-0.371171 0.151363 -0.179303 0.182585 0.483866 1.310901 -0.762876 -0.706351 -1.618710 -1.727066 1.423319 1.659125
-0.346114 0.174701 -0.177595 0.187295 0.464089 1.329070 -0.722910 -0.756372 -1.579934 -1.721371 1.422032 1.702850
-0.328992 0.191369 -0.176350 0.190780 0.451833 1.339806 -0.695165 -0.789465 -1.552719 -1.716271 1.418795 1.731057
-0.303219 0.217372 -0.174407 0.196387 0.434432 1.353814 -0.652667 -0.838501 -1.510775 -1.707148 1.411100 1.771596
-0.277469 0.244480 -0.172429 0.202447 0.417027 1.365000 -0.609630 -0.887184 -1.467732 -1.696217 1.399942 1.809983
-0.259390 0.264170 -0.170945 0.207011 0.403284 1.371183 -0.578615 -0.922008 -1.436288 -1.687342 1.389946 1.836042
-0.246471 0.278964 -0.169735 0.210580 0.392046 1.375143 -0.554674 -0.948637 -1.411625 -1.679913 1.381064 1.854782
-0.238750 0.288658 -0.168895 0.212879 0.384941 1.377330 -0.538910 -0.965933 -1.395834 -1.674721 1.374583 1.865952
-0.232045 0.298305 -0.168064 0.215041 0.378785 1.378939 -0.523898 -0.982266 -1.381580 -1.669580 1.367961 1.875861
