0.479797 1.558093 -2.163615 -0.189556 0.551145 -1.496167 0.200038 -1.142244 1.606510 -0.169569 -0.458851 1.389463
0.535922 1.538456 -2.258906 -0.174339 0.620595 -1.523912 0.197012 -1.140253 1.487029 -0.169317 -0.448347 1.390872
0.552223 1.513316 -2.283115 -0.167702 0.653447 -1.534505 0.196606 -1.133064 1.442405 -0.169112 -0.444054 1.390841
0.562701 1.481754 -2.297003 -0.162220 0.685097 -1.543382 0.196404 -1.124395 1.408074 -0.168875 -0.440216 1.390461
0.569291 1.439128 -2.304636 -0.157483 0.720828 -1.551945 0.195991 -1.113309 1.380520 -0.168564 -0.436167 1.389652
0.571124 1.394702 -2.305273 -0.154355 0.753486 -1.558528 0.195319 -1.102492 1.364313 -0.168246 -0.432669 1.388574
0.569045 1.342615 -2.299877 -0.152223 0.788139 -1.564231 0.194452 -1.090793 1.353177 -0.167876 -0.429127 1.387073
0.564380 1.296051 -2.291004 -0.151335 0.816958 -1.567983 0.193750 -1.081374 1.347013 -0.167545 -0.426280 1.385537
0.552894 1.222778 -2.271246 -0.151405 0.859748 -1.571947 0.192998 -1.068836 1.340287 -0.167018 -0.422164 1.382769
0.540687 1.166174 -2.251616 -0.152577 0.891309 -1.573545 0.192634 -1.060796 1.336719 -0.166604 -0.419178 1.380305
0.521489 1.096676 -2.222577 -0.155302 0.928956 -1.573840 0.191937 -1.050952 1.335912 -0.166086 -0.415623 1.376826
0.505906 1.049594 -2.199464 -0.157950 0.953906 -1.572660 0.191293 -1.043890 1.337362 -0.165730 -0.413250 1.374157
0.484802 0.991337 -2.166175 -0.162112 0.983858 -1.568925 0.190326 -1.034406 1.341051 -0.165295 -0.410363 1.370506
0.461154 0.930728 -2.126378 -0.167479 1.014133 -1.562803 0.189147 -1.023210 1.346656 -0.164783 -0.407586 1.365837
0.438869 0.877548 -2.086797 -0.173100 1.040511 -1.555750 0.187966 -1.011652 1.352840 -0.164207 -0.406287 1.361100
0.413524 0.820732 -2.039419 -0.180125 1.068242 -1.546725 0.186550 -0.996632 1.360451 -0.163779 -0.407729 1.359432
0.392175 0.775847 -1.998380 -0.186298 1.089838 -1.538802 0.185314 -0.982137 1.366836 -0.163905 -0.412366 1.364688
0.367671 0.726398 -1.949795 -0.193834 1.113326 -1.529650 0.183819 -0.962763 1.373770 -0.164865 -0.422756 1.381443
0.345267 0.681959 -1.903306 -0.201429 1.134068 -1.521411 0.182317 -0.941400 1.379387 -0.166596 -0.438956 1.407443
0.324667 0.640562 -1.857869 -0.209303 1.152977 -1.514110 0.180724 -0.917379 1.383526 -0.168967 -0.461566 1.440565
0.305161 0.599807 -1.810483 -0.217714 1.171327 -1.507798 0.178875 -0.889117 1.385683 -0.172065 -0.490471 1.481952
0.289487 0.564566 -1.767269 -0.225417 1.186924 -1.503527 0.177087 -0.861084 1.385286 -0.175344 -0.520512 1.523684
0.274957 0.530379 -1.723895 -0.233128 1.201515 -1.500971 0.175249 -0.831164 1.382695 -0.178986 -0.553967 1.567626
0.259679 0.494141 -1.675816 -0.241588 1.216458 -1.500595 0.173211 -0.796291 1.377592 -0.183321 -0.594684 1.616775
0.247280 0.465404 -1.635011 -0.248701 1.228321 -1.502380 0.171515 -0.765586 1.371658 -0.187277 -0.632196 1.658515
0.234268 0.437149 -1.590527 -0.256450 1.240755 -1.506505 0.169739 -0.731308 1.363771 -0.191906 -0.676164 1.703564
0.222971 0.415619 -1.550456 -0.263470 1.251797 -1.512221 0.168236 -0.700223 1.355712 -0.196254 -0.718100 1.742398
0.213208 0.399637 -1.515563 -0.270015 1.262049 -1.519216 0.166964 -0.672016 1.347804 -0.200247 -0.758057 1.775247
0.203168 0.385228 -1.480658 -0.277776 1.273767 -1.529261 0.165670 -0.640903 1.338583 -0.204560 -0.804497 1.807754
0.195758 0.375408 -1.456966 -0.284883 1.284009 -1.539807 0.164724 -0.615711 1.330841 -0.207779 -0.844438 1.829551
0.188586 0.368462 -1.439756 -0.292763 1.296220 -1.550727 0.163870 -0.591098 1.323418 -0.210307 -0.884922 1.844214
0.181558 0.365948 -1.429740 -0.300728 1.309363 -1.567596 0.163138 -0.568725 1.317385 -0.211590 -0.921590 1.848266
0.175055 0.367187 -1.425041 -0.309239 1.323318 -1.594915 0.162523 -0.549482 1.312393 -0.211392 -0.953222 1.840860
0.168020 0.372202 -1.423580 -0.322127 1.343621 -1.636741 0.161886 -0.529976 1.306814 -0.209745 -0.985537 1.820550
0.161187 0.380959 -1.424900 -0.339655 1.369701 -1.693411 0.161292 -0.512226 1.301236 -0.207081 -1.014016 1.789282
0.154435 0.393434 -1.428274 -0.362120 1.400299 -1.762104 0.160728 -0.495700 1.295635 -0.203848 -1.038347 1.748234
0.148464 0.407575 -1.432883 -0.386620 1.430366 -1.825817 0.160249 -0.481720 1.290627 -0.200783 -1.056019 1.704064
0.141663 0.427121 -1.439891 -0.418696 1.465366 -1.903249 0.159726 -0.466302 1.284895 -0.197308 -1.070884 1.645598
0.135167 0.449032 -1.448209 -0.452598 1.496885 -1.978731 0.159257 -0.451879 1.279433 -0.194097 -1.078985 1.581935
0.129186 0.471926 -1.457190 -0.485601 1.521241 -2.045832 0.158855 -0.438738 1.274462 -0.191306 -1.080322 1.518192
0.124337 0.492625 -1.465455 -0.512576 1.533933 -2.094832 0.158555 -0.428092 1.270523 -0.189191 -1.076103 1.467955
0.117127 0.525920 -1.478834 -0.551483 1.541971 -2.158614 0.158120 -0.412224 1.264844 -0.186486 -1.064638 1.397485
0.110984 0.556111 -1.490934 -0.582143 1.539435 -2.204347 0.157760 -0.398697 1.260211 -0.184610 -1.051953 1.342760
0.103155 0.596733 -1.506797 -0.611698 1.518061 -2.243668 0.157350 -0.382395 1.254864 -0.182656 -1.033529 1.290027
0.096739 0.631273 -1.519677 -0.626367 1.486987 -2.261450 0.157047 -0.370023 1.250932 -0.181082 -1.018599 1.262303
0.091095 0.666557 -1.532331 -0.633220 1.445368 -2.268789 0.156776 -0.358865 1.247534 -0.179812 -1.005753 1.246096
0.086214 0.702931 -1.544982 -0.634155 1.394843 -2.267804 0.156532 -0.348828 1.244654 -0.179193 -0.996386 1.236982
0.081612 0.740756 -1.557778 -0.630561 1.336343 -2.259005 0.156315 -0.339915 1.242321 -0.179149 -0.990378 1.232133
0.077288 0.779209 -1.570514 -0.623500 1.272652 -2.243234 0.156132 -0.332377 1.240628 -0.179592 -0.987043 1.229094
0.073367 0.817635 -1.583074 -0.613854 1.206430 -2.221584 0.155989 -0.326338 1.239620 -0.180373 -0.985623 1.227700
0.070093 0.853831 -1.594842 -0.602945 1.143051 -2.196444 0.155895 -0.322040 1.239327 -0.181264 -0.985319 1.228358
0.066711 0.897531 -1.609088 -0.588074 1.066760 -2.161041 0.155834 -0.318581 1.239810 -0.182399 -0.985423 1.231684
0.064506 0.933045 -1.620788 -0.574925 1.005950 -2.128477 0.155837 -0.317270 1.240945 -0.183275 -0.985295 1.236694
0.063041 0.963770 -1.631067 -0.563343 0.954329 -2.097526 0.155902 -0.317248 1.242587 -0.183942 -0.984604 1.242870
0.061704 1.010745 -1.647208 -0.545932 0.877006 -2.045339 0.156231 -0.321295 1.249079 -0.184709 -0.981680 1.256032
0.061556 1.037800 -1.656853 -0.535980 0.833767 -2.012799 0.156645 -0.328065 1.257682 -0.184968 -0.978362 1.266165
0.062393 1.086017 -1.674745 -0.518164 0.759174 -1.951712 0.157937 -0.350691 1.285198 -0.185143 -0.969030 1.288780
0.063799 1.113324 -1.685280 -0.507877 0.719138 -1.915277 0.159167 -0.372731 1.312575 -0.185074 -0.960482 1.305234
0.065836 1.141434 -1.696019 -0.497095 0.679453 -1.877024 0.160685 -0.400016 1.347189 -0.184974 -0.949336 1.323889
0.071138 1.179573 -1.709731 -0.480781 0.629483 -1.823962 0.163516 -0.447664 1.405941 -0.184742 -0.927298 1.351755
0.078084 1.204953 -1.717929 -0.466926 0.598518 -1.788159 0.166008 -0.485684 1.449749 -0.184284 -0.907511 1.370824
0.095790 1.244002 -1.727529 -0.439274 0.554537 -1.731349 0.170759 -0.554880 1.520881 -0.183090 -0.867275 1.398267
0.108563 1.264130 -1.730333 -0.421957 0.532975 -1.700398 0.173701 -0.595689 1.559704 -0.182255 -0.841431 1.410041
0.127056 1.286990 -1.730462 -0.399066 0.509010 -1.662581 0.177639 -0.647060 1.606533 -0.181012 -0.806450 1.419073
0.145410 1.305623 -1.728204 -0.377794 0.489471 -1.628971 0.181388 -0.692653 1.647074 -0.179730 -0.773319 1.422948
0.150204 1.309826 -1.727263 -0.372478 0.485002 -1.620745 0.182351 -0.703614 1.656710 -0.179386 -0.764929 1.423194
0.154997 1.314028 -1.726323 -0.367163 0.480532 -1.612520 0.183313 -0.714575 1.666347 -0.179042 -0.756539 1.423440
0.227116 1.358182 -1.703365 -0.293856 0.428220 -1.495253 0.198542 -0.856183 1.785753 -0.173695 -0.637069 1.407404
0.242959 1.364497 -1.696884 -0.278877 0.418057 -1.470140 0.202098 -0.884500 1.807948 -0.172542 -0.612017 1.400681
0.265934 1.371686 -1.686505 -0.257794 0.401977 -1.433410 0.207429 -0.925150 1.838337 -0.170807 -0.575808 1.388977
0.277174 1.374691 -1.680848 -0.247985 0.393415 -1.414629 0.210144 -0.945399 1.852575 -0.169887 -0.557599 1.382205
0.291857 1.377914 -1.673003 -0.236445 0.382814 -1.390973 0.213605 -0.971435 1.869314 -0.168617 -0.533854 1.372384
0.299803 1.379070 -1.668839 -0.231192 0.378038 -1.379694 0.215354 -0.984567 1.877252 -0.167944 -0.521791 1.366980
0.303566 1.382502 -1.672786 -0.229773 0.377913 -1.375723 0.216193 -0.995328 1.879816 -0.167629 -0.512691 1.364540
0.309217 1.399562 -1.695418 -0.228950 0.386158 -1.384704 0.216156 -1.007830 1.876977 -0.167980 -0.506265 1.368159
0.318351 1.421876 -1.730301 -0.226436 0.398515 -1.396965 0.215847 -1.024792 1.870694 -0.168375 -0.499268 1.372237
0.329242 1.444963 -1.781253 -0.223023 0.413341 -1.410296 0.214860 -1.043806 1.858214 -0.168720 -0.492614 1.375913
0.346243 1.471026 -1.845782 -0.218484 0.431942 -1.425342 0.212796 -1.066146 1.833936 -0.169025 -0.485936 1.379333
0.367124 1.495023 -1.908935 -0.213650 0.451389 -1.439699 0.210131 -1.086943 1.801485 -0.169252 -0.480040 1.382122
0.389236 1.514702 -1.968705 -0.208848 0.470687 -1.452630 0.207426 -1.103657 1.765160 -0.169404 -0.475015 1.384275
0.420040 1.535710 -2.042825 -0.202376 0.497030 -1.468462 0.204287 -1.121260 1.713020 -0.169526 -0.469064 1.386513
0.450260 1.550652 -2.107594 -0.196040 0.523366 -1.482734 0.201857 -1.134157 1.660459 -0.169580 -0.463793 1.388205
0.475523 1.557526 -2.155823 -0.190527 0.546929 -1.494224 0.200279 -1.141373 1.614538 -0.169574 -0.459567 1.389302
