-0.522830 0.061976 -0.185143 0.157484 0.778129 1.073470 -0.972116 -0.342689 -1.968074 -1.669958 1.282067 1.275545
-0.495695 0.066154 -0.184962 0.160905 0.674535 1.145026 -0.947667 -0.403932 -1.872077 -1.697369 1.326407 1.352156
-0.482420 0.070325 -0.184796 0.163219 0.633191 1.176542 -0.929638 -0.443145 -1.828234 -1.708741 1.349469 1.400703
-0.466359 0.078398 -0.184263 0.166107 0.597399 1.205898 -0.906696 -0.487185 -1.786815 -1.718210 1.371520 1.451403
-0.445093 0.091678 -0.183361 0.169774 0.562334 1.236811 -0.875875 -0.540908 -1.742153 -1.726220 1.393666 1.507316
-0.423624 0.107298 -0.182338 0.173417 0.534941 1.262278 -0.843937 -0.591813 -1.703299 -1.730138 1.409041 1.556070
-0.400131 0.126155 -0.181074 0.177453 0.510024 1.286017 -0.808098 -0.644741 -1.664278 -1.730542 1.418816 1.604462
-0.375796 0.147207 -0.179601 0.181749 0.487784 1.307212 -0.770168 -0.696783 -1.625879 -1.727858 1.423055 1.650706
-0.350853 0.170206 -0.177928 0.186379 0.467683 1.325818 -0.730515 -0.747070 -1.587316 -1.722585 1.422543 1.694769
-0.330838 0.189529 -0.176488 0.190388 0.453098 1.338749 -0.698189 -0.785937 -1.555701 -1.716890 1.419276 1.728108
-0.307284 0.213206 -0.174716 0.195477 0.437126 1.351758 -0.659433 -0.830809 -1.517453 -1.708688 1.412510 1.765332
-0.283780 0.237728 -0.172924 0.200914 0.421447 1.362552 -0.620245 -0.875215 -1.478414 -1.699083 1.403026 1.800759
-0.265677 0.257240 -0.171479 0.205382 0.408336 1.369184 -0.589591 -0.909719 -1.447481 -1.690584 1.393686 1.827020
-0.259474 0.264057 -0.170956 0.206982 0.403380 1.371160 -0.578812 -0.921794 -1.436498 -1.687413 1.390039 1.835912
-0.238284 0.289262 -0.168843 0.213020 0.384509 1.377460 -0.537933 -0.966999 -1.394867 -1.674396 1.374172 1.866621
-0.233625 0.295829 -0.168273 0.214500 0.380214 1.378612 -0.527607 -0.978229 -1.384998 -1.670870 1.369646 1.873433
-0.229677 0.302942 -0.167717 0.215966 0.376796 1.379156 -0.517820 -0.988945 -1.376242 -1.667436 1.365090 1.879958
-0.229504 0.306717 -0.167856 0.216159 0.383002 1.393203 -0.508382 -1.003263 -1.381341 -1.687387 1.366888 1.878001
-0.226447 0.318277 -0.168372 0.215848 0.398452 1.421737 -0.499309 -1.024702 -1.396900 -1.730234 1.372213 1.870732
-0.223273 0.328462 -0.168698 0.214941 0.412280 1.443362 -0.493064 -1.042465 -1.409362 -1.777408 1.375667 1.859185
-0.218856 0.344644 -0.169007 0.213003 0.430447 1.469161 -0.486394 -1.064527 -1.424232 -1.840905 1.379116 1.836414
-0.213778 0.366538 -0.169247 0.210208 0.450880 1.494489 -0.480175 -1.086489 -1.439354 -1.907323 1.382064 1.802451
-0.208433 0.391170 -0.169416 0.207200 0.472357 1.516296 -0.474599 -1.105001 -1.453713 -1.973756 1.384447 1.761950
-0.202363 0.420115 -0.169529 0.204253 0.497063 1.535983 -0.469033 -1.121465 -1.468540 -2.043312 1.386536 1.712950
-0.196500 0.448067 -0.169577 0.202022 0.521449 1.549646 -0.464167 -1.133283 -1.481717 -2.103013 1.388090 1.664288
-0.190071 0.477424 -0.169569 0.200178 0.548943 1.557457 -0.459242 -1.141580 -1.495100 -2.159149 1.389362 1.610815
-0.182405 0.508958 -0.169487 0.198385 0.582977 1.555255 -0.453771 -1.144545 -1.509797 -2.214523 1.390369 1.548480
-0.177030 0.527767 -0.169384 0.197339 0.607803 1.545625 -0.450126 -1.142293 -1.519356 -2.245810 1.390768 1.506805
-0.170916 0.544824 -0.169218 0.196765 0.637329 1.526530 -0.446125 -1.136814 -1.529452 -2.272464 1.390894 1.463440
-0.163647 0.560177 -0.168945 0.196462 0.676220 1.491164 -0.441268 -1.126946 -1.541004 -2.293760 1.390597 1.416898
-0.159096 0.567395 -0.168685 0.196186 0.707428 1.455876 -0.437656 -1.117582 -1.548898 -2.302647 1.389999 1.389496
-0.155036 0.571086 -0.168332 0.195515 0.745057 1.406719 -0.433552 -1.105332 -1.556963 -2.305765 1.388889 1.367755
-0.152630 0.570004 -0.167973 0.194674 0.779401 1.356248 -0.430003 -1.093722 -1.562937 -2.301890 1.387492 1.355465
-0.151378 0.565029 -0.167580 0.193816 0.813949 1.301072 -0.426572 -1.082318 -1.567648 -2.292168 1.385714 1.347540
-0.151247 0.555976 -0.167141 0.193126 0.850015 1.239812 -0.423091 -1.071487 -1.571211 -2.276397 1.383451 1.341697
-0.151953 0.546235 -0.166779 0.192804 0.878155 1.190015 -0.420419 -1.064123 -1.573041 -2.260388 1.381385 1.337866
-0.153084 0.536798 -0.166492 0.192500 0.899571 1.151034 -0.418399 -1.058675 -1.573722 -2.245620 1.379580 1.336311
-0.157342 0.509265 -0.165802 0.191438 0.948828 1.059292 -0.413734 -1.045386 -1.573075 -2.204568 1.374730 1.336914
-0.161054 0.489855 -0.165395 0.190566 0.977005 1.004863 -0.411030 -1.036707 -1.570004 -2.174363 1.371390 1.340026
-0.165740 0.468567 -0.164954 0.189524 1.004874 0.949348 -0.408386 -1.026793 -1.564861 -2.139055 1.367386 1.344796
-0.171032 0.446854 -0.164412 0.188395 1.031243 0.896274 -0.406576 -1.015914 -1.558379 -2.101178 1.362697 1.350556
-0.177716 0.422093 -0.163877 0.187034 1.059112 0.839535 -0.406868 -1.001917 -1.549837 -2.055597 1.359350 1.357858
-0.184901 0.396908 -0.163820 0.185593 1.085170 0.785596 -0.410985 -0.985539 -1.540569 -2.007580 1.362760 1.365442
-0.191861 0.373868 -0.164523 0.184209 1.107495 0.738753 -0.419455 -0.968029 -1.531957 -1.962284 1.375935 1.372083
-0.199582 0.350483 -0.166118 0.182683 1.129273 0.692315 -0.434479 -0.946760 -1.523308 -1.914356 1.400490 1.378164
-0.207742 0.328596 -0.168466 0.181045 1.149365 0.648523 -0.456756 -0.922261 -1.515481 -1.866728 1.433684 1.382813
-0.215611 0.309810 -0.171242 0.179350 1.166874 0.609743 -0.482864 -0.896422 -1.509229 -1.822296 1.471121 1.385378
-0.223322 0.293580 -0.174411 0.177580 1.182797 0.574011 -0.511977 -0.868915 -1.504515 -1.779021 1.512040 1.385644
-0.232383 0.276323 -0.178615 0.175429 1.200163 0.533622 -0.550521 -0.834166 -1.501093 -1.728110 1.563315 1.383068
-0.240280 0.262004 -0.182628 0.173526 1.214211 0.499626 -0.588115 -0.801810 -1.500475 -1.683289 1.609149 1.378523
-0.247653 0.249089 -0.186683 0.171764 1.226594 0.469562 -0.626571 -0.770142 -1.502050 -1.641024 1.652357 1.372581
-0.254972 0.236718 -0.191008 0.170072 1.238406 0.442314 -0.667612 -0.737872 -1.505587 -1.599000 1.695048 1.365350
-0.262366 0.224714 -0.195567 0.168466 1.250066 0.418761 -0.711416 -0.705092 -1.511218 -1.556697 1.736442 1.357016
-0.269571 0.213814 -0.199989 0.167042 1.261364 0.400524 -0.755360 -0.673850 -1.518666 -1.517699 1.773255 1.348341
-0.276525 0.204605 -0.203932 0.165853 1.271945 0.387171 -0.797243 -0.645597 -1.527492 -1.485461 1.803300 1.340010
-0.282698 0.197888 -0.206863 0.164995 1.280868 0.378188 -0.832425 -0.623156 -1.536485 -1.463516 1.823571 1.333144
-0.291449 0.189762 -0.209954 0.164004 1.294108 0.369346 -0.878414 -0.595038 -1.548892 -1.442131 1.842363 1.324578
-0.296170 0.185567 -0.211009 0.163543 1.301804 0.366909 -0.901088 -0.581286 -1.556568 -1.434774 1.847229 1.320661
-0.309162 0.175097 -0.211404 0.162526 1.323196 0.367153 -0.953034 -0.549594 -1.594657 -1.425044 1.840998 1.312426
-0.319697 0.169122 -0.210102 0.161984 1.339872 0.371109 -0.980677 -0.532933 -1.629061 -1.423559 1.824700 1.307703
-0.330723 0.164461 -0.208451 0.161573 1.356637 0.376312 -1.000766 -0.520599 -1.664170 -1.424013 1.805492 1.303921
-0.348216 0.158404 -0.205798 0.161056 1.381741 0.385643 -1.024558 -0.505306 -1.720958 -1.426050 1.773552 1.298936
-0.372301 0.151864 -0.202535 0.160520 1.413085 0.399241 -1.046342 -0.489633 -1.789090 -1.430113 1.729908 1.293483
-0.412853 0.142881 -0.197929 0.159820 1.459079 0.423540 -1.068346 -0.469051 -1.889258 -1.438595 1.656260 1.285922
-0.451732 0.135322 -0.194166 0.159267 1.496289 0.448421 -1.078989 -0.452220 -1.977014 -1.447968 1.583606 1.279561
-0.456942 0.134357 -0.193698 0.159199 1.500699 0.451891 -1.079721 -0.450093 -1.988144 -1.449309 1.573587 1.278754
-0.512810 0.124299 -0.189127 0.158552 1.534885 0.492571 -1.076509 -0.428012 -2.095888 -1.465423 1.467387 1.270481
-0.518906 0.123198 -0.188678 0.158486 1.536798 0.497516 -1.074990 -0.425590 -2.106250 -1.467409 1.456280 1.269599
-0.525001 0.122096 -0.188229 0.158419 1.538712 0.502461 -1.073471 -0.423168 -2.116611 -1.469395 1.445173 1.268717
-0.533834 0.120480 -0.187605 0.158321 1.540882 0.509854 -1.070999 -0.419613 -2.131254 -1.472367 1.429148 1.267436
-0.625427 0.097273 -0.181216 0.157072 1.490094 0.628266 -1.019847 -0.371048 -2.260355 -1.518577 1.264179 1.251253
-0.633123 0.091247 -0.179842 0.156784 1.446744 0.665504 -1.006088 -0.359175 -2.268712 -1.531959 1.246433 1.247626
-0.634234 0.086265 -0.179189 0.156533 1.395570 0.702494 -0.996423 -0.348918 -2.267972 -1.544837 1.236990 1.244675
-0.631021 0.081913 -0.179122 0.156328 1.340694 0.738114 -0.990627 -0.340449 -2.260029 -1.556902 1.232343 1.242444
-0.623657 0.077365 -0.179581 0.156135 1.273871 0.778486 -0.987088 -0.332504 -2.243587 -1.570277 1.229132 1.240653
-0.613611 0.073284 -0.180392 0.155987 1.204921 0.818500 -0.985608 -0.326220 -2.221029 -1.583355 1.227697 1.239607
-0.602360 0.069927 -0.181312 0.155890 1.139755 0.855707 -0.985313 -0.321832 -2.195091 -1.595452 1.228413 1.239319
-0.589082 0.066910 -0.182326 0.155836 1.071651 0.894708 -0.985416 -0.318746 -2.163480 -1.608164 1.231381 1.239749
-0.574218 0.064408 -0.183318 0.155839 1.002824 0.934901 -0.985270 -0.317239 -2.126666 -1.621404 1.237030 1.241017
-0.560750 0.062757 -0.184080 0.155928 0.942762 0.970699 -0.984366 -0.317393 -2.090262 -1.633404 1.244456 1.243084
-0.554908 0.062244 -0.184357 0.156016 0.916726 0.986435 -0.983550 -0.318316 -2.073055 -1.638777 1.248598 1.244792
-0.533685 0.061537 -0.185024 0.156745 0.823819 1.044043 -0.977559 -0.329730 -2.005233 -1.659087 1.268562 1.259779
-0.523121 0.061955 -0.185142 0.157459 0.779327 1.072685 -0.972291 -0.342244 -1.969088 -1.669662 1.281667 1.275010
