0.392352 0.776139 -1.998769 -0.186232 1.089708 -1.538871 0.185327 -0.982348 1.366795 -0.163876 -0.412160 1.364274
0.343650 0.678768 -1.899916 -0.201990 1.135552 -1.520818 0.182207 -0.939797 1.379781 -0.166735 -0.440237 1.409504
0.323346 0.637829 -1.854699 -0.209866 1.154209 -1.513678 0.180600 -0.915496 1.383687 -0.169172 -0.463482 1.443332
0.305769 0.601071 -1.811961 -0.217451 1.170757 -1.507995 0.178934 -0.890008 1.385618 -0.171967 -0.489558 1.480632
0.288755 0.562877 -1.765162 -0.225793 1.187665 -1.503348 0.176999 -0.859682 1.385224 -0.175511 -0.522040 1.525766
0.273776 0.527576 -1.720276 -0.233769 1.202688 -1.500837 0.175095 -0.828602 1.382395 -0.179302 -0.556890 1.571334
0.260223 0.495403 -1.677614 -0.241274 1.215938 -1.500509 0.173286 -0.797648 1.377859 -0.183146 -0.593022 1.614931
0.246761 0.464214 -1.633285 -0.249001 1.228816 -1.502476 0.171444 -0.764277 1.371391 -0.187448 -0.633814 1.660283
0.233615 0.435773 -1.588273 -0.256843 1.241381 -1.506749 0.169650 -0.729562 1.363351 -0.192145 -0.678438 1.705830
0.221991 0.413825 -1.546951 -0.264087 1.252763 -1.512765 0.168106 -0.697500 1.354988 -0.196638 -0.721819 1.745753
0.212934 0.399216 -1.514577 -0.270194 1.262347 -1.519415 0.166929 -0.671225 1.347580 -0.200360 -0.759181 1.776168
0.202908 0.384876 -1.479771 -0.277996 1.274086 -1.529567 0.165636 -0.640062 1.338328 -0.204675 -0.805787 1.808579
0.195223 0.374786 -1.455490 -0.285454 1.284865 -1.540591 0.164658 -0.613847 1.330269 -0.207992 -0.847479 1.830880
0.187826 0.368023 -1.438429 -0.293618 1.297616 -1.552101 0.163787 -0.588609 1.322709 -0.210498 -0.889029 1.845093
0.181601 0.365964 -1.429799 -0.300699 1.309310 -1.567459 0.163141 -0.568862 1.317404 -0.211575 -0.921391 1.848206
0.174822 0.367237 -1.424881 -0.309543 1.323816 -1.595916 0.162500 -0.548792 1.312214 -0.211383 -0.954359 1.840574
0.168664 0.371500 -1.423528 -0.320616 1.341313 -1.631964 0.161943 -0.531686 1.307336 -0.209969 -0.982749 1.823156
0.161294 0.380789 -1.424862 -0.339332 1.369249 -1.692440 0.161301 -0.512495 1.301324 -0.207127 -1.013605 1.789860
0.154404 0.393595 -1.428344 -0.362394 1.400558 -1.762390 0.160726 -0.495644 1.295606 -0.203826 -1.038337 1.747781
0.147826 0.409329 -1.433500 -0.389539 1.433662 -1.833000 0.160199 -0.480265 1.290089 -0.200454 -1.057546 1.698762
0.140859 0.429651 -1.440830 -0.422729 1.469444 -1.912597 0.159667 -0.464500 1.284216 -0.196904 -1.072266 1.638188
0.134451 0.451671 -1.449236 -0.456501 1.500033 -1.986916 0.159207 -0.450303 1.278836 -0.193754 -1.079382 1.574396
0.127936 0.477071 -1.459234 -0.492580 1.525274 -2.059074 0.158776 -0.435994 1.273436 -0.190744 -1.079714 1.504963
0.121570 0.504861 -1.470361 -0.527893 1.539458 -2.121417 0.158387 -0.422011 1.268299 -0.188025 -1.072673 1.439922
0.115308 0.534558 -1.482309 -0.561146 1.542949 -2.173809 0.158011 -0.408216 1.263430 -0.185858 -1.061318 1.380109
0.109438 0.564011 -1.494066 -0.588912 1.536679 -2.213719 0.157676 -0.395361 1.259104 -0.184204 -1.048389 1.330753
0.102594 0.599669 -1.507930 -0.613589 1.516190 -2.246110 0.157322 -0.381256 1.254492 -0.182519 -1.032199 1.286632
0.096324 0.633655 -1.520545 -0.627056 1.484457 -2.262242 0.157028 -0.369222 1.250683 -0.180981 -1.017637 1.260893
0.090940 0.667649 -1.532714 -0.633310 1.443928 -2.268850 0.156768 -0.358548 1.247441 -0.179786 -1.005428 1.245750
0.086158 0.703360 -1.545131 -0.634165 1.394248 -2.267797 0.156529 -0.348708 1.244620 -0.179187 -0.996276 1.236874
0.081414 0.742469 -1.558349 -0.630294 1.333562 -2.258403 0.156306 -0.339556 1.242235 -0.179162 -0.990191 1.231979
0.077061 0.781321 -1.571208 -0.623037 1.269071 -2.242204 0.156123 -0.332003 1.240553 -0.179628 -0.986918 1.228958
0.073207 0.819191 -1.583581 -0.613464 1.203745 -2.220711 0.155984 -0.326091 1.239578 -0.180404 -0.985567 1.227641
0.069631 0.859276 -1.596612 -0.601195 1.133496 -2.192356 0.155883 -0.321492 1.239330 -0.181405 -0.985318 1.228598
0.066694 0.897817 -1.609181 -0.587967 1.066267 -2.160777 0.155834 -0.318571 1.239819 -0.182407 -0.985423 1.231723
0.064464 0.933709 -1.621005 -0.574671 1.004821 -2.127874 0.155836 -0.317247 1.240966 -0.183292 -0.985296 1.236788
0.062620 0.974221 -1.634596 -0.559437 0.936892 -2.086523 0.155941 -0.317486 1.243352 -0.184149 -0.984233 1.245291
0.061626 1.014714 -1.648590 -0.544470 0.870540 -2.040763 0.156269 -0.321829 1.249827 -0.184764 -0.981354 1.257285
0.061581 1.050009 -1.661262 -0.531490 0.814456 -1.997814 0.156871 -0.331903 1.262448 -0.185059 -0.976598 1.271114
0.062489 1.087999 -1.675521 -0.517420 0.756246 -1.949071 0.158028 -0.352293 1.287130 -0.185137 -0.968441 1.289963
0.064372 1.122576 -1.688841 -0.504362 0.705823 -1.902800 0.159624 -0.380970 1.322965 -0.185043 -0.957210 1.311115
0.067248 1.155639 -1.701288 -0.491470 0.660292 -1.857381 0.161610 -0.416275 1.367676 -0.184927 -0.942230 1.334019
0.072353 1.185984 -1.711964 -0.477768 0.621345 -1.814998 0.164060 -0.456391 1.416499 -0.184673 -0.923046 1.356570
0.080859 1.212684 -1.720189 -0.462104 0.589471 -1.777139 0.166860 -0.498305 1.463540 -0.184093 -0.900568 1.376556
0.098298 1.248440 -1.728355 -0.435708 0.549717 -1.724697 0.171364 -0.563462 1.529232 -0.182925 -0.862009 1.401125
0.115661 1.273516 -1.730771 -0.412955 0.523103 -1.685246 0.175241 -0.616190 1.578584 -0.181784 -0.827767 1.414319
0.134688 1.295198 -1.729773 -0.390054 0.500426 -1.648192 0.179213 -0.666654 1.624059 -0.180485 -0.792490 1.421228
0.155235 1.314228 -1.726273 -0.366902 0.480316 -1.612112 0.183361 -0.715104 1.666813 -0.179025 -0.756125 1.423444
0.180402 1.332925 -1.719707 -0.340195 0.459759 -1.570599 0.188475 -0.767877 1.712737 -0.177171 -0.713361 1.421105
0.204632 1.347403 -1.711807 -0.315692 0.442732 -1.531228 0.193612 -0.814869 1.752286 -0.175355 -0.673369 1.415295
0.228060 1.358665 -1.703024 -0.292929 0.427616 -1.493735 0.198747 -0.857934 1.787189 -0.173626 -0.635531 1.407099
0.248667 1.366458 -1.694412 -0.273573 0.414260 -1.461113 0.203401 -0.894583 1.815644 -0.172122 -0.603063 1.397977
0.265887 1.371659 -1.686502 -0.257861 0.401987 -1.433441 0.207423 -0.925087 1.838253 -0.170808 -0.575855 1.388957
0.281629 1.375769 -1.678492 -0.244306 0.390058 -1.407229 0.211219 -0.953423 1.857922 -0.169505 -0.550323 1.379300
0.293227 1.378196 -1.672259 -0.235404 0.381848 -1.388800 0.213920 -0.973843 1.870789 -0.168497 -0.531642 1.371441
0.301078 1.379138 -1.668241 -0.230530 0.377477 -1.378205 0.215611 -0.986426 1.878388 -0.167848 -0.520097 1.366181
0.304075 1.385496 -1.677244 -0.229883 0.379348 -1.377269 0.216162 -0.997727 1.879138 -0.167691 -0.511249 1.365201
0.311537 1.405392 -1.703315 -0.228383 0.389179 -1.387834 0.216127 -1.012110 1.875795 -0.168089 -0.504372 1.369283
0.320577 1.427068 -1.740533 -0.225734 0.401682 -1.399932 0.215696 -1.028963 1.868547 -0.168459 -0.497710 1.373118
0.332972 1.451449 -1.797186 -0.221946 0.417812 -1.414046 0.214423 -1.049309 1.853131 -0.168803 -0.490892 1.376819
0.349627 1.475540 -1.856803 -0.217661 0.435273 -1.427927 0.212379 -1.070080 1.828925 -0.169071 -0.484836 1.379877
0.372593 1.500280 -1.924233 -0.212443 0.456235 -1.443049 0.209441 -1.091439 1.792615 -0.169295 -0.478719 1.382708
0.396994 1.520729 -1.988445 -0.207199 0.477343 -1.456842 0.206552 -1.108719 1.752194 -0.169445 -0.473411 1.384919
0.425448 1.539151 -2.055456 -0.201252 0.501625 -1.471147 0.203765 -1.124122 1.703821 -0.169545 -0.468064 1.386875
0.455681 1.552514 -2.118225 -0.194879 0.528285 -1.485210 0.201496 -1.135939 1.650764 -0.169583 -0.462883 1.388459
0.486571 1.558401 -2.175707 -0.187975 0.558083 -1.499268 0.199666 -1.143295 1.593512 -0.169556 -0.457703 1.389698
0.511034 1.554383 -2.218006 -0.181835 0.585589 -1.510826 0.198261 -1.144368 1.543993 -0.169477 -0.453381 1.390418
0.533675 1.540294 -2.255272 -0.175064 0.617163 -1.522676 0.197105 -1.140778 1.492415 -0.169334 -0.448828 1.390840
0.548479 1.520643 -2.277839 -0.169395 0.644862 -1.531861 0.196680 -1.135130 1.453314 -0.169170 -0.445146 1.390881
0.562182 1.484149 -2.296358 -0.162539 0.682953 -1.542832 0.196421 -1.125034 1.410014 -0.168892 -0.440465 1.390501
0.568621 1.446070 -2.303981 -0.158110 0.715380 -1.550737 0.196079 -1.115063 1.383930 -0.168614 -0.436767 1.389800
0.571061 1.396697 -2.305273 -0.154489 0.752038 -1.558242 0.195349 -1.102975 1.364992 -0.168260 -0.432824 1.388622
0.569388 1.347132 -2.300581 -0.152348 0.785264 -1.563815 0.194524 -1.091753 1.353900 -0.167909 -0.429414 1.387214
0.564679 1.297877 -2.291516 -0.151328 0.815905 -1.567891 0.193769 -1.081683 1.347153 -0.167558 -0.426381 1.385607
0.553127 1.223649 -2.271609 -0.151371 0.859282 -1.571941 0.192994 -1.068916 1.340356 -0.167025 -0.422207 1.382812
0.544097 1.180808 -2.257005 -0.152192 0.883235 -1.573236 0.192739 -1.062839 1.337420 -0.166711 -0.419940 1.380969
0.530410 1.127170 -2.235875 -0.153961 0.912531 -1.573904 0.192274 -1.055321 1.335888 -0.166314 -0.417176 1.378408
0.506662 1.051872 -2.200580 -0.157822 0.952699 -1.572716 0.191324 -1.044231 1.337291 -0.165747 -0.413365 1.374285
0.486514 0.995869 -2.168976 -0.161746 0.981574 -1.569313 0.190409 -1.035191 1.340687 -0.165329 -0.410586 1.370807
0.463524 0.936612 -2.130462 -0.166914 1.011206 -1.563482 0.189268 -1.024369 1.346046 -0.164841 -0.407824 1.366355
0.442320 0.885612 -2.093029 -0.172202 1.036522 -1.556895 0.188152 -1.013504 1.351847 -0.164295 -0.406396 1.361780
0.420235 0.835393 -2.052110 -0.178235 1.061129 -1.549170 0.186930 -1.000804 1.358419 -0.163848 -0.406994 1.359260
0.393433 0.778364 -2.000869 -0.185914 1.088642 -1.539275 0.185390 -0.983124 1.366476 -0.163857 -0.411846 1.363838
