# Leg endpoints matrix: 276 frames, 12 coordinates per frame + timestamp
# Order: fr[x,y,z] fl[x,y,z] hr[x,y,z] hl[x,y,z] timestamp
0.124304 -0.038671 -0.198643 0.122110 0.034143 -0.199992 -0.096374 -0.059131 -0.224746 -0.096300 0.058690 -0.223608 1741280513.154072
0.124197 -0.038515 -0.198840 0.122004 0.034311 -0.200199 -0.096489 -0.059134 -0.224769 -0.096155 0.058700 -0.224067 1741280513.154988
0.124090 -0.038403 -0.198958 0.121903 0.034437 -0.200357 -0.096629 -0.059135 -0.224776 -0.096063 0.058706 -0.224414 1741280513.155661
0.123982 -0.038339 -0.198986 0.121800 0.034517 -0.200459 -0.096805 -0.059131 -0.224766 -0.096087 0.058712 -0.224639 1741280513.156264
0.124157 -0.037826 -0.198841 0.121629 0.035050 -0.200459 -0.098366 -0.058837 -0.224827 -0.097814 0.058599 -0.224764 1741280513.164746
0.124119 -0.037858 -0.198730 0.121487 0.034960 -0.200344 -0.098327 -0.058855 -0.224795 -0.097904 0.058573 -0.224715 1741280513.176133
0.124066 -0.037901 -0.198582 0.121340 0.034855 -0.200195 -0.098255 -0.058880 -0.224754 -0.098019 0.058549 -0.224657 1741280513.185637
0.124019 -0.037953 -0.198402 0.121210 0.034743 -0.200016 -0.098156 -0.058908 -0.224708 -0.098150 0.058529 -0.224593 1741280513.196333
0.123991 -0.038019 -0.198180 0.121109 0.034622 -0.199799 -0.098031 -0.058942 -0.224654 -0.098301 0.058510 -0.224522 1741280513.207785
0.124005 -0.038111 -0.197880 0.121048 0.034480 -0.199509 -0.097862 -0.058985 -0.224585 -0.098489 0.058490 -0.224434 1741280513.217334
0.124076 -0.038215 -0.197550 0.121058 0.034346 -0.199194 -0.097683 -0.059029 -0.224515 -0.098678 0.058471 -0.224346 1741280513.227451
0.124223 -0.038345 -0.197147 0.121147 0.034206 -0.198814 -0.097476 -0.059079 -0.224435 -0.098888 0.058451 -0.224248 1741280513.238063
0.124427 -0.038495 -0.196689 0.121296 0.034062 -0.198385 -0.097249 -0.059132 -0.224348 -0.099112 0.058428 -0.224143 1741280513.249560
0.124635 -0.038656 -0.196202 0.121445 0.033909 -0.197929 -0.097009 -0.059188 -0.224256 -0.099344 0.058402 -0.224033 1741280513.258675
0.124853 -0.038834 -0.195672 0.121598 0.033743 -0.197433 -0.096750 -0.059247 -0.224156 -0.099589 0.058373 -0.223913 1741280513.268331
0.125094 -0.039042 -0.195061 0.121765 0.033550 -0.196863 -0.096455 -0.059315 -0.224040 -0.099864 0.058336 -0.223777 1741280513.278952
0.125328 -0.039253 -0.194450 0.121923 0.033355 -0.196293 -0.096164 -0.059381 -0.223924 -0.100130 0.058295 -0.223642 1741280513.289725
0.125579 -0.039490 -0.193772 0.122089 0.033136 -0.195660 -0.095847 -0.059453 -0.223795 -0.100417 0.058246 -0.223492 1741280513.301133
0.125824 -0.039732 -0.193091 0.122246 0.032914 -0.195024 -0.095536 -0.059523 -0.223665 -0.100697 0.058192 -0.223342 1741280513.311230
0.126082 -0.039998 -0.192357 0.122406 0.032671 -0.194339 -0.095206 -0.059598 -0.223523 -0.100990 0.058128 -0.223180 1741280513.325059
0.126343 -0.040278 -0.191595 0.122564 0.032414 -0.193627 -0.094872 -0.059673 -0.223376 -0.101286 0.058056 -0.223011 1741280513.329379
0.126608 -0.040573 -0.190808 0.122717 0.032143 -0.192891 -0.094535 -0.059750 -0.223222 -0.101581 0.057975 -0.222836 1741280513.342031
0.126878 -0.040885 -0.189992 0.122868 0.031855 -0.192129 -0.094193 -0.059827 -0.223060 -0.101880 0.057884 -0.222652 1741280513.352137
0.127187 -0.041256 -0.189046 0.123033 0.031511 -0.191243 -0.093807 -0.059916 -0.222870 -0.102215 0.057770 -0.222437 1741280513.361987
0.127475 -0.041615 -0.188155 0.123179 0.031176 -0.190409 -0.093446 -0.059997 -0.222689 -0.102553 0.057658 -0.222236 1741280513.373896
0.127778 -0.042005 -0.187213 0.123325 0.030809 -0.189526 -0.093057 -0.060079 -0.222498 -0.102973 0.057544 -0.222027 1741280513.384220
0.128066 -0.042389 -0.186316 0.123456 0.030445 -0.188686 -0.092681 -0.060155 -0.222316 -0.103418 0.057436 -0.221829 1741280513.393761
0.128364 -0.042797 -0.185393 0.123585 0.030053 -0.187818 -0.092285 -0.060230 -0.222128 -0.103910 0.057325 -0.221625 1741280513.403532
0.128668 -0.043224 -0.184461 0.123709 0.029639 -0.186943 -0.091878 -0.060303 -0.221936 -0.104430 0.057211 -0.221416 1741280513.414333
0.128988 -0.043686 -0.183495 0.123832 0.029185 -0.186033 -0.091447 -0.060377 -0.221735 -0.104985 0.057089 -0.221193 1741280513.426640
0.129318 -0.044173 -0.182522 0.123952 0.028701 -0.185116 -0.091002 -0.060449 -0.221528 -0.105548 0.056960 -0.220961 1741280513.432301
0.129649 -0.044668 -0.181580 0.124064 0.028199 -0.184226 -0.090560 -0.060516 -0.221325 -0.106087 0.056830 -0.220727 1741280513.447296
0.129984 -0.045172 -0.180671 0.124180 0.027685 -0.183364 -0.090122 -0.060579 -0.221124 -0.106555 0.056692 -0.220504 1741280513.456758
0.130351 -0.045710 -0.179746 0.124318 0.027132 -0.182479 -0.089668 -0.060642 -0.220917 -0.106945 0.056539 -0.220287 1741280513.466886
0.130746 -0.046272 -0.178830 0.124480 0.026552 -0.181596 -0.089208 -0.060701 -0.220707 -0.107261 0.056375 -0.220073 1741280513.490754
0.131175 -0.046858 -0.177924 0.124671 0.025946 -0.180718 -0.088744 -0.060757 -0.220497 -0.107522 0.056204 -0.219847 1741280513.491893
0.131628 -0.047478 -0.177030 0.124880 0.025315 -0.179845 -0.088278 -0.060811 -0.220285 -0.107745 0.056028 -0.219598 1741280513.495526
0.132093 -0.048145 -0.176143 0.125094 0.024658 -0.178972 -0.087807 -0.060862 -0.220070 -0.107951 0.055848 -0.219308 1741280513.509042
0.132533 -0.048801 -0.175328 0.125295 0.024027 -0.178167 -0.087367 -0.060907 -0.219870 -0.108140 0.055680 -0.218990 1741280513.518448
0.133017 -0.049549 -0.174456 0.125514 0.023323 -0.177300 -0.086887 -0.060952 -0.219651 -0.108361 0.055502 -0.218576 1741280513.529074
0.133480 -0.050287 -0.173644 0.125719 0.022639 -0.176491 -0.086434 -0.060993 -0.219443 -0.108474 0.055325 -0.218091 1741280513.541691
0.133953 -0.051061 -0.172835 0.125924 0.021931 -0.175683 -0.085975 -0.061032 -0.219233 -0.108407 0.055130 -0.217478 1741280513.545596
0.134417 -0.051842 -0.172058 0.126120 0.021224 -0.174905 -0.085528 -0.061068 -0.219027 -0.108217 0.054932 -0.216744 1741280513.564301
0.134908 -0.052687 -0.171254 0.126320 0.020464 -0.174102 -0.085058 -0.061103 -0.218809 -0.107939 0.054724 -0.215802 1741280513.569265
0.135401 -0.053541 -0.170480 0.126520 0.019699 -0.173329 -0.084599 -0.061136 -0.218596 -0.107617 0.054526 -0.214695 1741280513.580516
0.135882 -0.054372 -0.169758 0.126720 0.018952 -0.172610 -0.084166 -0.061165 -0.218393 -0.107254 0.054344 -0.213484 1741280513.591288
0.136391 -0.055249 -0.169030 0.126933 0.018161 -0.171888 -0.083722 -0.061194 -0.218184 -0.106811 0.054163 -0.212076 1741280513.603043
0.136883 -0.056095 -0.168356 0.127136 0.017391 -0.171222 -0.083306 -0.061219 -0.217987 -0.106321 0.053999 -0.210600 1741280513.612937
0.137392 -0.056975 -0.167686 0.127340 0.016583 -0.170563 -0.082885 -0.061244 -0.217786 -0.105740 0.053839 -0.208957 1741280513.622618
0.137919 -0.057892 -0.167017 0.127541 0.015730 -0.169910 -0.082460 -0.061269 -0.217581 -0.105051 0.053681 -0.207140 1741280513.634190
0.138411 -0.058755 -0.166416 0.127715 0.014914 -0.169329 -0.082071 -0.061291 -0.217392 -0.104318 0.053540 -0.205347 1741280513.646340
0.138901 -0.059629 -0.165837 0.127871 0.014074 -0.168774 -0.081688 -0.061313 -0.217205 -0.103487 0.053402 -0.203470 1741280513.655097
0.139367 -0.060473 -0.165304 0.127997 0.013244 -0.168269 -0.081330 -0.061334 -0.217027 -0.102591 0.053273 -0.201613 1741280513.666003
0.139809 -0.061295 -0.164812 0.128091 0.012419 -0.167810 -0.080992 -0.061355 -0.216858 -0.101627 0.053149 -0.199786 1741280513.675328
0.140245 -0.062128 -0.164344 0.128151 0.011561 -0.167378 -0.080661 -0.061377 -0.216690 -0.100549 0.053024 -0.197940 1741280513.686118
0.140643 -0.062920 -0.163927 0.128161 0.010720 -0.167003 -0.080358 -0.061398 -0.216535 -0.099423 0.052903 -0.196211 1741280513.700368
0.141034 -0.063733 -0.163531 0.127790 0.009737 -0.166789 -0.080066 -0.061419 -0.216380 -0.098207 0.052780 -0.194456 1741280513.708019
0.141388 -0.064516 -0.163183 0.127214 0.008652 -0.166631 -0.079806 -0.061436 -0.216238 -0.097005 0.052665 -0.192783 1741280513.720019
0.141711 -0.065289 -0.162875 0.126877 0.007492 -0.166275 -0.079570 -0.061451 -0.216104 -0.095799 0.052554 -0.191169 1741280513.726901
0.141999 -0.066049 -0.162610 0.127241 0.006313 -0.165468 -0.079359 -0.061466 -0.215979 -0.094599 0.052447 -0.189635 1741280513.742187
0.142249 -0.066807 -0.162388 0.128549 0.005004 -0.164121 -0.079167 -0.061482 -0.215860 -0.093433 0.052360 -0.188191 1741280513.759983
0.142440 -0.067501 -0.162227 0.130684 0.003514 -0.162409 -0.079009 -0.061498 -0.215757 -0.092399 0.052302 -0.186969 1741280513.775673
0.142586 -0.068195 -0.162111 0.133880 0.001572 -0.160156 -0.078868 -0.061516 -0.215660 -0.091376 0.052262 -0.185865 1741280513.787948
0.142679 -0.068896 -0.162045 0.138377 -0.001060 -0.157153 -0.078743 -0.061539 -0.215568 -0.090331 0.052237 -0.184897 1741280513.789093
0.142724 -0.069530 -0.162010 0.144143 -0.004281 -0.152944 -0.078639 -0.061563 -0.215486 -0.089287 0.052227 -0.184140 1741280513.793900
0.142726 -0.070041 -0.161996 0.150209 -0.007575 -0.148214 -0.078563 -0.061585 -0.215419 -0.088312 0.052229 -0.183651 1741280513.805751
0.142697 -0.070453 -0.161998 0.156205 -0.010765 -0.143530 -0.078507 -0.061606 -0.215366 -0.087386 0.052237 -0.183387 1741280513.810311
0.142622 -0.070874 -0.162021 0.163780 -0.014631 -0.138061 -0.078459 -0.061631 -0.215313 -0.086230 0.052250 -0.183319 1741280513.825562
0.142515 -0.071202 -0.162060 0.171608 -0.018337 -0.132547 -0.078430 -0.061654 -0.215272 -0.085086 0.052262 -0.183502 1741280513.830875
0.142371 -0.071479 -0.162117 0.180002 -0.022175 -0.126450 -0.078415 -0.061678 -0.215240 -0.083850 0.052271 -0.183914 1741280513.846223
0.142200 -0.071696 -0.162187 0.187986 -0.025822 -0.120507 -0.078413 -0.061701 -0.215218 -0.082605 0.052278 -0.184504 1741280513.851630
0.141992 -0.071873 -0.162273 0.195804 -0.029461 -0.114772 -0.078425 -0.061726 -0.215203 -0.081286 0.052281 -0.185280 1741280513.865552
0.141748 -0.072011 -0.162376 0.204084 -0.033176 -0.108972 -0.078466 -0.061754 -0.215192 -0.079901 0.052279 -0.186233 1741280513.876410
0.141471 -0.072111 -0.162492 0.212466 -0.036778 -0.103093 -0.078540 -0.061784 -0.215183 -0.078481 0.052272 -0.187328 1741280513.885600
0.141167 -0.072176 -0.162619 0.220287 -0.040079 -0.097416 -0.078644 -0.061817 -0.215177 -0.077065 0.052259 -0.188523 1741280513.895621
0.140835 -0.072212 -0.162756 0.227227 -0.043095 -0.092193 -0.078777 -0.061853 -0.215172 -0.075652 0.052239 -0.189806 1741280513.905568
0.140448 -0.072224 -0.162914 0.234360 -0.046307 -0.087138 -0.078950 -0.061893 -0.215170 -0.074146 0.052209 -0.191265 1741280513.916162
0.140051 -0.072213 -0.163074 0.240662 -0.049145 -0.082751 -0.079144 -0.061935 -0.215169 -0.072735 0.052174 -0.192718 1741280513.927092
0.139628 -0.072185 -0.163241 0.245972 -0.051500 -0.078856 -0.079362 -0.061980 -0.215170 -0.071373 0.052132 -0.194205 1741280513.937927
0.139155 -0.072142 -0.163424 0.250150 -0.053350 -0.075435 -0.079618 -0.062029 -0.215173 -0.069998 0.052080 -0.195803 1741280513.952660
0.138678 -0.072092 -0.163605 0.253042 -0.054784 -0.073118 -0.079886 -0.062079 -0.215176 -0.068765 0.052025 -0.197342 1741280513.958421
0.138198 -0.072039 -0.163783 0.254992 -0.055881 -0.071666 -0.080163 -0.062130 -0.215181 -0.067669 0.051968 -0.198821 1741280513.973171
0.137607 -0.071975 -0.163997 0.256365 -0.056729 -0.070690 -0.080513 -0.062192 -0.215188 -0.066513 0.051897 -0.200552 1741280513.976851
0.137074 -0.071922 -0.164183 0.256777 -0.056985 -0.070329 -0.080834 -0.062249 -0.215194 -0.065630 0.051832 -0.202036 1741280513.993397
0.136481 -0.071873 -0.164386 0.256177 -0.056766 -0.070713 -0.081198 -0.062312 -0.215202 -0.064696 0.051740 -0.203611 1741280514.015889
0.135885 -0.071836 -0.164582 0.254893 -0.056185 -0.071666 -0.081568 -0.062376 -0.215210 -0.063816 0.051629 -0.205086 1741280514.017218
0.135198 -0.071811 -0.164800 0.253158 -0.055265 -0.073063 -0.081999 -0.062450 -0.215218 -0.062912 0.051487 -0.206635 1741280514.021142
0.134509 -0.071807 -0.165011 0.251566 -0.054224 -0.074523 -0.082434 -0.062525 -0.215227 -0.062158 0.051338 -0.208017 1741280514.034767
0.133841 -0.071819 -0.165207 0.249918 -0.053027 -0.076140 -0.082856 -0.062597 -0.215235 -0.061606 0.051197 -0.209184 1741280514.046113
0.133145 -0.071851 -0.165402 0.248069 -0.051600 -0.078007 -0.083294 -0.062673 -0.215244 -0.061241 0.051062 -0.210226 1741280514.051287
0.132424 -0.071907 -0.165596 0.246029 -0.049955 -0.080094 -0.083749 -0.062752 -0.215251 -0.061110 0.050941 -0.211130 1741280514.065595
0.131710 -0.071981 -0.165780 0.243888 -0.048169 -0.082288 -0.084202 -0.062832 -0.215259 -0.061238 0.050847 -0.211865 1741280514.079211
0.131017 -0.072052 -0.165960 0.241656 -0.046260 -0.084569 -0.084656 -0.062913 -0.215265 -0.061562 0.050769 -0.212449 1741280514.083636
0.130331 -0.072118 -0.166138 0.239296 -0.044201 -0.086964 -0.085122 -0.062996 -0.215271 -0.062004 0.050689 -0.212904 1741280514.097751
0.129638 -0.072182 -0.166319 0.236784 -0.041972 -0.089495 -0.085606 -0.063084 -0.215276 -0.062491 0.050590 -0.213232 1741280514.103339
0.128907 -0.072246 -0.166511 0.234009 -0.039474 -0.092275 -0.086134 -0.063182 -0.215281 -0.063023 0.050463 -0.213446 1741280514.120665
0.128236 -0.072301 -0.166687 0.231373 -0.037070 -0.094913 -0.086634 -0.063276 -0.215285 -0.063683 0.050369 -0.213590 1741280514.125314
0.127606 -0.072349 -0.166853 0.228844 -0.034738 -0.097459 -0.087115 -0.063368 -0.215288 -0.064433 0.050300 -0.213688 1741280514.138117
0.126968 -0.072394 -0.167022 0.226254 -0.032324 -0.100108 -0.087615 -0.063466 -0.215290 -0.065283 0.050241 -0.213753 1741280514.148194
0.126338 -0.072436 -0.167189 0.223698 -0.029909 -0.102785 -0.088120 -0.063567 -0.215290 -0.066167 0.050187 -0.213790 1741280514.157922
0.125706 -0.072474 -0.167356 0.221141 -0.027450 -0.105506 -0.088637 -0.063673 -0.215290 -0.067051 0.050127 -0.213805 1741280514.169230
0.125111 -0.072507 -0.167514 0.218732 -0.025103 -0.108091 -0.089135 -0.063778 -0.215289 -0.067835 0.050056 -0.213809 1741280514.178830
0.124544 -0.072535 -0.167664 0.216451 -0.022860 -0.110546 -0.089618 -0.063883 -0.215287 -0.068486 0.049964 -0.213813 1741280514.189335
0.123945 -0.072562 -0.167823 0.214053 -0.020492 -0.113120 -0.090137 -0.063999 -0.215283 -0.069062 0.049841 -0.213822 1741280514.202474
0.123409 -0.072582 -0.167965 0.211929 -0.018395 -0.115384 -0.090610 -0.064108 -0.215280 -0.069543 0.049720 -0.213823 1741280514.206563
0.122892 -0.072600 -0.168101 0.209913 -0.016412 -0.117511 -0.091072 -0.064218 -0.215275 -0.069981 0.049597 -0.213816 1741280514.221203
0.122369 -0.072614 -0.168239 0.207914 -0.014460 -0.119592 -0.091546 -0.064335 -0.215269 -0.070398 0.049465 -0.213802 1741280514.231607
0.121878 -0.072625 -0.168368 0.206098 -0.012708 -0.121452 -0.091993 -0.064446 -0.215263 -0.070764 0.049337 -0.213782 1741280514.242640
0.121392 -0.072634 -0.168496 0.204366 -0.011068 -0.123190 -0.092435 -0.064545 -0.215255 -0.071105 0.049204 -0.213757 1741280514.252339
0.120898 -0.072639 -0.168624 0.202709 -0.009538 -0.124814 -0.092879 -0.064632 -0.215247 -0.071428 0.049067 -0.213726 1741280514.263371
0.120413 -0.072642 -0.168750 0.201203 -0.008200 -0.126243 -0.093314 -0.064705 -0.215238 -0.071723 0.048929 -0.213690 1741280514.274521
0.119981 -0.072643 -0.168862 0.200004 -0.007197 -0.127334 -0.093695 -0.064759 -0.215229 -0.071967 0.048805 -0.213654 1741280514.284361
0.119504 -0.072640 -0.168989 0.198881 -0.006353 -0.128287 -0.094108 -0.064806 -0.215220 -0.072213 0.048667 -0.213610 1741280514.299399
0.119106 -0.072636 -0.169097 0.198136 -0.005902 -0.128843 -0.094443 -0.064837 -0.215212 -0.072401 0.048551 -0.213570 1741280514.302979
0.118701 -0.072630 -0.169209 0.197590 -0.005718 -0.129144 -0.094774 -0.064858 -0.215205 -0.072576 0.048435 -0.213528 1741280514.317471
0.118315 -0.072623 -0.169319 0.197227 -0.005783 -0.129204 -0.095081 -0.064870 -0.215199 -0.072731 0.048327 -0.213487 1741280514.327780
0.117948 -0.072614 -0.169425 0.196989 -0.006024 -0.129078 -0.095363 -0.064873 -0.215195 -0.072867 0.048228 -0.213447 1741280514.340931
0.117463 -0.072599 -0.169570 0.196843 -0.006603 -0.128606 -0.095720 -0.064864 -0.215192 -0.073032 0.048106 -0.213393 1741280514.352767
0.117117 -0.072587 -0.169676 0.196864 -0.007190 -0.128032 -0.095963 -0.064849 -0.215191 -0.073142 0.048026 -0.213355 1741280514.360767
0.116764 -0.072573 -0.169787 0.196990 -0.007950 -0.127247 -0.096198 -0.064826 -0.215194 -0.073250 0.047953 -0.213317 1741280514.372070
0.116438 -0.072559 -0.169891 0.197198 -0.008799 -0.126346 -0.096402 -0.064798 -0.215198 -0.073346 0.047896 -0.213284 1741280514.382578
0.116122 -0.072544 -0.169996 0.197484 -0.009762 -0.125303 -0.096589 -0.064763 -0.215205 -0.073439 0.047852 -0.213254 1741280514.392889
0.115815 -0.072528 -0.170100 0.197839 -0.010827 -0.124127 -0.096757 -0.064723 -0.215215 -0.073531 0.047822 -0.213228 1741280514.402576
0.115513 -0.072511 -0.170205 0.198261 -0.012005 -0.122806 -0.096916 -0.064678 -0.215225 -0.073625 0.047806 -0.213206 1741280514.412735
0.115225 -0.072494 -0.170308 0.198728 -0.013245 -0.121393 -0.097064 -0.064630 -0.215234 -0.073721 0.047808 -0.213188 1741280514.423036
0.114925 -0.072475 -0.170418 0.199279 -0.014661 -0.119753 -0.097213 -0.064575 -0.215242 -0.073831 0.047828 -0.213175 1741280514.433389
0.114644 -0.072456 -0.170524 0.199852 -0.016097 -0.118064 -0.097349 -0.064519 -0.215250 -0.073944 0.047868 -0.213169 1741280514.444443
0.114378 -0.072438 -0.170628 0.200444 -0.017561 -0.116315 -0.097473 -0.064461 -0.215257 -0.074051 0.047915 -0.213164 1741280514.456391
0.114112 -0.072419 -0.170735 0.201079 -0.019118 -0.114427 -0.097592 -0.064400 -0.215264 -0.074153 0.047969 -0.213161 1741280514.467481
0.113864 -0.072401 -0.170837 0.201709 -0.020656 -0.112537 -0.097699 -0.064339 -0.215269 -0.074244 0.048025 -0.213159 1741280514.476094
0.113618 -0.072382 -0.170942 0.202367 -0.022256 -0.110545 -0.097800 -0.064276 -0.215275 -0.074330 0.048086 -0.213158 1741280514.488750
0.113399 -0.072366 -0.171038 0.202981 -0.023748 -0.108665 -0.097886 -0.064218 -0.215279 -0.074403 0.048145 -0.213159 1741280514.497280
0.113155 -0.072347 -0.171148 0.203691 -0.025472 -0.106471 -0.097977 -0.064152 -0.215284 -0.074479 0.048215 -0.213160 1741280514.509009
0.112946 -0.072331 -0.171245 0.204325 -0.027006 -0.104503 -0.098051 -0.064094 -0.215287 -0.074541 0.048279 -0.213162 1741280514.518509
0.112745 -0.072316 -0.171341 0.204953 -0.028517 -0.102552 -0.098117 -0.064038 -0.215290 -0.074597 0.048344 -0.213165 1741280514.527920
0.112540 -0.072301 -0.171442 0.205617 -0.030104 -0.100496 -0.098180 -0.063980 -0.215293 -0.074650 0.048412 -0.213169 1741280514.539245
0.112352 -0.072287 -0.171537 0.206248 -0.031591 -0.098570 -0.098233 -0.063928 -0.215295 -0.074695 0.048477 -0.213173 1741280514.549751
0.112167 -0.072274 -0.171633 0.206891 -0.033078 -0.096650 -0.098281 -0.063878 -0.215298 -0.074736 0.048541 -0.213178 1741280514.559775
0.111981 -0.072262 -0.171733 0.207566 -0.034605 -0.094689 -0.098325 -0.063829 -0.215299 -0.074774 0.048607 -0.213184 1741280514.570548
0.111809 -0.072252 -0.171828 0.208205 -0.036021 -0.092860 -0.098360 -0.063787 -0.215301 -0.074806 0.048668 -0.213190 1741280514.580977
0.111649 -0.072244 -0.171920 0.208813 -0.037348 -0.091131 -0.098390 -0.063751 -0.215302 -0.074832 0.048725 -0.213197 1741280514.592395
0.111493 -0.072237 -0.172011 0.209411 -0.038629 -0.089447 -0.098413 -0.063719 -0.215303 -0.074855 0.048779 -0.213204 1741280514.602808
0.111344 -0.072232 -0.172101 0.209985 -0.039839 -0.087844 -0.098432 -0.063693 -0.215304 -0.074874 0.048828 -0.213211 1741280514.611891
0.111193 -0.072229 -0.172195 0.210569 -0.041053 -0.086224 -0.098446 -0.063672 -0.215305 -0.074890 0.048875 -0.213219 1741280514.624138
0.111053 -0.072227 -0.172285 0.211109 -0.042154 -0.084744 -0.098455 -0.063659 -0.215306 -0.074903 0.048915 -0.213227 1741280514.633841
0.110924 -0.072228 -0.172371 0.211603 -0.043147 -0.083405 -0.098458 -0.063653 -0.215306 -0.074912 0.048948 -0.213234 1741280514.643844
0.110797 -0.072231 -0.172458 0.212081 -0.044089 -0.082129 -0.098458 -0.063655 -0.215307 -0.074919 0.048975 -0.213243 1741280514.655387
0.110672 -0.072236 -0.172546 0.212536 -0.044970 -0.080935 -0.098453 -0.063665 -0.215307 -0.074924 0.048995 -0.213251 1741280514.664212
0.110557 -0.072244 -0.172629 0.212941 -0.045736 -0.079900 -0.098444 -0.063684 -0.215307 -0.074926 0.049007 -0.213259 1741280514.677494
0.110443 -0.072255 -0.172715 0.213323 -0.046441 -0.078953 -0.098430 -0.063714 -0.215308 -0.074927 0.049010 -0.213267 1741280514.682123
0.110340 -0.072269 -0.172796 0.213645 -0.047018 -0.078189 -0.098414 -0.063752 -0.215308 -0.074926 0.049004 -0.213275 1741280514.699453
0.110243 -0.072292 -0.172876 0.213933 -0.047507 -0.077551 -0.098393 -0.063801 -0.215308 -0.074924 0.048988 -0.213282 1741280514.704228
0.110156 -0.072324 -0.172953 0.214175 -0.047886 -0.077069 -0.098370 -0.063860 -0.215309 -0.074920 0.048963 -0.213289 1741280514.717477
0.110067 -0.072370 -0.173037 0.214392 -0.048187 -0.076711 -0.098341 -0.063940 -0.215309 -0.074916 0.048922 -0.213296 1741280514.729673
0.109990 -0.072425 -0.173114 0.214547 -0.048375 -0.076542 -0.098310 -0.064027 -0.215310 -0.074911 0.048870 -0.213303 1741280514.741107
0.109921 -0.072491 -0.173188 0.214680 -0.048567 -0.076482 -0.098277 -0.064128 -0.215310 -0.074906 0.048806 -0.213309 1741280514.746671
0.109858 -0.072566 -0.173258 0.214792 -0.048765 -0.076521 -0.098243 -0.064239 -0.215311 -0.074902 0.048730 -0.213314 1741280514.763374
0.109801 -0.072654 -0.173326 0.214889 -0.048975 -0.076656 -0.098206 -0.064366 -0.215312 -0.074897 0.048640 -0.213318 1741280514.768591
0.109747 -0.072759 -0.173391 0.214969 -0.049196 -0.076883 -0.098167 -0.064506 -0.215312 -0.074894 0.048536 -0.213322 1741280514.787484
0.109694 -0.072896 -0.173452 0.215034 -0.049428 -0.077203 -0.098126 -0.064664 -0.215313 -0.074891 0.048415 -0.213324 1741280514.791792
0.109644 -0.073062 -0.173507 0.215083 -0.049667 -0.077607 -0.098084 -0.064835 -0.215314 -0.074890 0.048279 -0.213326 1741280514.801233
0.109597 -0.073257 -0.173558 0.215117 -0.049916 -0.078100 -0.098040 -0.065025 -0.215315 -0.074890 0.048126 -0.213327 1741280514.811309
0.109555 -0.073473 -0.173604 0.215136 -0.050168 -0.078665 -0.097996 -0.065227 -0.215316 -0.074890 0.047958 -0.213327 1741280514.822077
0.109516 -0.073713 -0.173646 0.215139 -0.050429 -0.079313 -0.097951 -0.065449 -0.215317 -0.074881 0.047768 -0.213329 1741280514.832264
0.109482 -0.073983 -0.173686 0.215125 -0.050704 -0.080062 -0.097904 -0.065697 -0.215318 -0.074864 0.047551 -0.213332 1741280514.842583
0.109456 -0.074258 -0.173720 0.215097 -0.050970 -0.080847 -0.097859 -0.065951 -0.215319 -0.074840 0.047322 -0.213336 1741280514.852762
0.109437 -0.074549 -0.173751 0.215052 -0.051239 -0.081700 -0.097814 -0.066223 -0.215319 -0.074808 0.047073 -0.213341 1741280514.863209
0.109424 -0.074874 -0.173780 0.214986 -0.051530 -0.082684 -0.097767 -0.066535 -0.215320 -0.074767 0.046782 -0.213347 1741280514.874555
0.109420 -0.075194 -0.173805 0.214906 -0.051807 -0.083685 -0.097722 -0.066852 -0.215320 -0.074720 0.046480 -0.213355 1741280514.884764
0.109427 -0.075555 -0.173829 0.214798 -0.052110 -0.084851 -0.097674 -0.067223 -0.215320 -0.074661 0.046123 -0.213363 1741280514.896345
0.109444 -0.075898 -0.173849 0.214678 -0.052391 -0.085998 -0.097630 -0.067590 -0.215320 -0.074599 0.045764 -0.213372 1741280514.907098
0.109470 -0.076234 -0.173866 0.214545 -0.052661 -0.087161 -0.097590 -0.067967 -0.215319 -0.074533 0.045391 -0.213381 1741280514.918047
0.109508 -0.076577 -0.173881 0.214390 -0.052931 -0.088396 -0.097550 -0.068372 -0.215317 -0.074460 0.044985 -0.213390 1741280514.927680
0.109559 -0.076923 -0.173895 0.214215 -0.053200 -0.089692 -0.097513 -0.068804 -0.215315 -0.074380 0.044548 -0.213400 1741280514.938848
0.109633 -0.077314 -0.173910 0.213990 -0.053499 -0.091230 -0.097449 -0.069280 -0.215311 -0.074267 0.044066 -0.213410 1741280514.950065
0.109713 -0.077657 -0.173922 0.213770 -0.053758 -0.092646 -0.097358 -0.069656 -0.215307 -0.074137 0.043686 -0.213417 1741280514.961080
0.109813 -0.078005 -0.173934 0.213519 -0.054019 -0.094165 -0.097231 -0.070001 -0.215302 -0.073972 0.043338 -0.213422 1741280514.977987
0.109927 -0.078328 -0.173944 0.213258 -0.054258 -0.095662 -0.097079 -0.070291 -0.215296 -0.073788 0.043049 -0.213427 1741280514.982042
0.110060 -0.078591 -0.173937 0.213024 -0.054443 -0.096954 -0.096927 -0.070506 -0.215291 -0.073611 0.042835 -0.213429 1741280514.995232
0.110305 -0.078926 -0.173897 0.212693 -0.054659 -0.098723 -0.096687 -0.070753 -0.215284 -0.073341 0.042592 -0.213432 1741280515.004304
0.110560 -0.079180 -0.173840 0.212413 -0.054803 -0.100184 -0.096464 -0.070918 -0.215279 -0.073096 0.042431 -0.213434 1741280515.015021
0.110861 -0.079413 -0.173763 0.212132 -0.054916 -0.101642 -0.096218 -0.071051 -0.215273 -0.072830 0.042304 -0.213435 1741280515.024717
0.111232 -0.079634 -0.173661 0.211859 -0.055006 -0.103154 -0.095932 -0.071157 -0.215266 -0.072526 0.042206 -0.213435 1741280515.035633
0.111638 -0.079820 -0.173542 0.211620 -0.055064 -0.104581 -0.095634 -0.071227 -0.215261 -0.072212 0.042144 -0.213435 1741280515.045690
0.112095 -0.079978 -0.173404 0.211393 -0.055091 -0.105992 -0.095311 -0.071267 -0.215255 -0.071876 0.042114 -0.213434 1741280515.058396
0.112618 -0.080108 -0.173242 0.211160 -0.055083 -0.107439 -0.094952 -0.071276 -0.215249 -0.071506 0.042116 -0.213433 1741280515.067162
0.113198 -0.080201 -0.173060 0.210915 -0.055036 -0.108895 -0.094567 -0.071254 -0.215242 -0.071110 0.042151 -0.213431 1741280515.079422
0.113774 -0.080251 -0.172877 0.210670 -0.054956 -0.110228 -0.094193 -0.071206 -0.215237 -0.070730 0.042212 -0.213429 1741280515.089241
0.114366 -0.080265 -0.172689 0.210407 -0.054843 -0.111514 -0.093818 -0.071136 -0.215231 -0.070349 0.042294 -0.213426 1741280515.100797
0.115017 -0.080241 -0.172481 0.210095 -0.054687 -0.112852 -0.093413 -0.071041 -0.215226 -0.069940 0.042404 -0.213423 1741280515.110761
0.115758 -0.080170 -0.172244 0.209703 -0.054474 -0.114305 -0.092961 -0.070913 -0.215220 -0.069485 0.042549 -0.213420 1741280515.120254
0.116495 -0.080059 -0.172009 0.209265 -0.054227 -0.115696 -0.092520 -0.070769 -0.215214 -0.069044 0.042708 -0.213416 1741280515.131445
0.117272 -0.079901 -0.171762 0.208745 -0.053931 -0.117121 -0.092062 -0.070603 -0.215208 -0.068586 0.042891 -0.213411 1741280515.142712
0.118070 -0.079705 -0.171508 0.208145 -0.053592 -0.118548 -0.091601 -0.070420 -0.215202 -0.068127 0.043091 -0.213407 1741280515.153652
0.118928 -0.079485 -0.171235 0.207433 -0.053182 -0.120033 -0.091117 -0.070214 -0.215195 -0.067646 0.043315 -0.213402 1741280515.161973
0.119797 -0.079257 -0.170956 0.206640 -0.052709 -0.121488 -0.090635 -0.069996 -0.215189 -0.067168 0.043551 -0.213396 1741280515.174351
0.120677 -0.079023 -0.170670 0.205765 -0.052159 -0.122913 -0.090154 -0.069766 -0.215183 -0.066692 0.043798 -0.213391 1741280515.183740
0.121603 -0.078774 -0.170363 0.204718 -0.051478 -0.124401 -0.089653 -0.069516 -0.215176 -0.066196 0.044066 -0.213385 1741280515.194859
0.122522 -0.078526 -0.170052 0.203405 -0.050630 -0.125997 -0.089158 -0.069259 -0.215169 -0.065708 0.044341 -0.213378 1741280515.204556
0.123533 -0.078254 -0.169702 0.201687 -0.049474 -0.127850 -0.088615 -0.068966 -0.215161 -0.065173 0.044652 -0.213371 1741280515.214613
0.124495 -0.077996 -0.169359 0.199842 -0.048137 -0.129652 -0.088097 -0.068679 -0.215154 -0.064664 0.044956 -0.213365 1741280515.225442
0.125451 -0.077738 -0.169010 0.197838 -0.046574 -0.131451 -0.087581 -0.068385 -0.215147 -0.064156 0.045268 -0.213358 1741280515.235935
0.126424 -0.077468 -0.168647 0.195617 -0.044781 -0.133313 -0.087054 -0.068076 -0.215140 -0.063638 0.045592 -0.213351 1741280515.245664
0.127388 -0.077191 -0.168280 0.193253 -0.042816 -0.135182 -0.086531 -0.067764 -0.215132 -0.063124 0.045920 -0.213345 1741280515.256099
0.128346 -0.076909 -0.167909 0.190752 -0.040679 -0.137062 -0.086007 -0.067445 -0.215126 -0.062610 0.046252 -0.213338 1741280515.266333
0.129273 -0.076628 -0.167543 0.188207 -0.038445 -0.138895 -0.085497 -0.067130 -0.215119 -0.062110 0.046579 -0.213333 1741280515.277060
0.130308 -0.076306 -0.167126 0.185229 -0.035757 -0.140960 -0.084924 -0.066770 -0.215112 -0.061547 0.046951 -0.213327 1741280515.288907
0.131233 -0.076012 -0.166747 0.182457 -0.033185 -0.142826 -0.084407 -0.066441 -0.215107 -0.061038 0.047289 -0.213322 1741280515.301142
0.132156 -0.075711 -0.166363 0.179595 -0.030459 -0.144714 -0.083885 -0.066106 -0.215102 -0.060525 0.047631 -0.213318 1741280515.316806
0.133140 -0.075384 -0.165946 0.176463 -0.027368 -0.146767 -0.083328 -0.065742 -0.215096 -0.059928 0.047992 -0.213320 1741280515.322717
0.134003 -0.075090 -0.165575 0.173660 -0.024515 -0.148609 -0.082846 -0.065416 -0.215088 -0.059328 0.048298 -0.213330 1741280515.329674
0.134862 -0.074791 -0.165202 0.170794 -0.021582 -0.150489 -0.082372 -0.065087 -0.215078 -0.058696 0.048601 -0.213342 1741280515.346740
0.135650 -0.074511 -0.164855 0.168070 -0.018844 -0.152270 -0.081940 -0.064780 -0.215067 -0.058123 0.048885 -0.213353 1741280515.361709
0.136436 -0.074226 -0.164507 0.165277 -0.016090 -0.154077 -0.081513 -0.064469 -0.215055 -0.057549 0.049170 -0.213341 1741280515.367250
0.137170 -0.073954 -0.164180 0.162627 -0.013499 -0.155755 -0.081117 -0.064174 -0.215043 -0.056993 0.049431 -0.213286 1741280515.374589
0.137870 -0.073688 -0.163867 0.160083 -0.011029 -0.157328 -0.080742 -0.063889 -0.215031 -0.056475 0.049677 -0.213183 1741280515.389429
0.138551 -0.073424 -0.163563 0.157620 -0.008654 -0.158816 -0.080377 -0.063606 -0.215019 -0.056017 0.049920 -0.213023 1741280515.394913
0.139184 -0.073170 -0.163282 0.155368 -0.006487 -0.160151 -0.080038 -0.063339 -0.215009 -0.055671 0.050153 -0.212802 1741280515.407725
0.139769 -0.072927 -0.163027 0.153365 -0.004553 -0.161323 -0.079723 -0.063086 -0.215000 -0.055470 0.050379 -0.212516 1741280515.414540
0.140409 -0.072649 -0.162756 0.151335 -0.002562 -0.162514 -0.079375 -0.062804 -0.214993 -0.055462 0.050649 -0.212074 1741280515.432116
0.140941 -0.072405 -0.162541 0.149869 -0.001070 -0.163400 -0.079080 -0.062562 -0.214990 -0.055731 0.050901 -0.211547 1741280515.435871
0.141368 -0.072198 -0.162379 0.148884 -0.000058 -0.164010 -0.078840 -0.062362 -0.214991 -0.056229 0.051128 -0.210958 1741280515.450209
0.141748 -0.071999 -0.162247 0.148171 0.000690 -0.164469 -0.078618 -0.062178 -0.214996 -0.056920 0.051344 -0.210234 1741280515.459274
0.142063 -0.071820 -0.162153 0.147737 0.001195 -0.164773 -0.078428 -0.062020 -0.215005 -0.057691 0.051518 -0.209405 1741280515.479236
0.142350 -0.071636 -0.162088 0.147509 0.001566 -0.164972 -0.078241 -0.061867 -0.215021 -0.058607 0.051665 -0.208325 1741280515.480204
0.142546 -0.071486 -0.162070 0.147457 0.001742 -0.165086 -0.078100 -0.061753 -0.215040 -0.059541 0.051815 -0.207279 1741280515.491852
0.142687 -0.071346 -0.162091 0.147497 0.001808 -0.165177 -0.077977 -0.061659 -0.215067 -0.060608 0.051998 -0.206124 1741280515.502272
0.142758 -0.071230 -0.162150 0.147582 0.001803 -0.165255 -0.077887 -0.061594 -0.215097 -0.061642 0.052185 -0.204992 1741280515.513288
0.142770 -0.071132 -0.162241 0.147670 0.001775 -0.165337 -0.077825 -0.061554 -0.215132 -0.062594 0.052362 -0.203906 1741280515.524456
0.142728 -0.070930 -0.162438 0.147768 0.001746 -0.165493 -0.077814 -0.061510 -0.215202 -0.063935 0.052586 -0.202325 1741280515.534719
0.142655 -0.070708 -0.162649 0.147770 0.001782 -0.165669 -0.077873 -0.061481 -0.215274 -0.064978 0.052736 -0.201071 1741280515.547122
0.142552 -0.070443 -0.162900 0.147661 0.001912 -0.165907 -0.077982 -0.061456 -0.215359 -0.065978 0.052861 -0.199852 1741280515.555223
0.142415 -0.070127 -0.163200 0.147419 0.002164 -0.166224 -0.078142 -0.061435 -0.215458 -0.066975 0.052970 -0.198625 1741280515.565465
0.142222 -0.069713 -0.163597 0.147082 0.002532 -0.166644 -0.078380 -0.061415 -0.215587 -0.068087 0.053075 -0.197253 1741280515.577667
0.142009 -0.069281 -0.164019 0.146725 0.002940 -0.167085 -0.078649 -0.061400 -0.215720 -0.069095 0.053156 -0.196013 1741280515.587907
0.141765 -0.068805 -0.164488 0.146329 0.003405 -0.167571 -0.078960 -0.061386 -0.215866 -0.070075 0.053226 -0.194821 1741280515.599846
0.141498 -0.068304 -0.164991 0.145908 0.003909 -0.168086 -0.079299 -0.061374 -0.216019 -0.070999 0.053285 -0.193715 1741280515.609113
0.141211 -0.067782 -0.165521 0.145469 0.004443 -0.168622 -0.079660 -0.061363 -0.216177 -0.071870 0.053337 -0.192702 1741280515.619012
0.140923 -0.067271 -0.166047 0.145038 0.004974 -0.169149 -0.080017 -0.061354 -0.216331 -0.072650 0.053382 -0.191827 1741280515.629515
0.140463 -0.066477 -0.166876 0.144367 0.005806 -0.169968 -0.080578 -0.061338 -0.216569 -0.073744 0.053448 -0.190670 1741280515.640447
0.140074 -0.065827 -0.167567 0.143817 0.006494 -0.170641 -0.081039 -0.061325 -0.216763 -0.074556 0.053503 -0.189883 1741280515.650343
0.139644 -0.065125 -0.168322 0.143222 0.007240 -0.171368 -0.081537 -0.061310 -0.216972 -0.075359 0.053566 -0.189183 1741280515.660253
0.139195 -0.064408 -0.169103 0.142616 0.008003 -0.172111 -0.082042 -0.061293 -0.217184 -0.076111 0.053637 -0.188616 1741280515.671225
0.138697 -0.063635 -0.169957 0.141961 0.008828 -0.172912 -0.082582 -0.061272 -0.217411 -0.076857 0.053725 -0.188162 1741280515.683253
0.138172 -0.062837 -0.170847 0.141287 0.009677 -0.173739 -0.083134 -0.061248 -0.217644 -0.077563 0.053829 -0.187854 1741280515.693066
0.137613 -0.062005 -0.171782 0.140581 0.010562 -0.174603 -0.083702 -0.061219 -0.217886 -0.078240 0.053957 -0.187699 1741280515.702971
0.137044 -0.061168 -0.172725 0.139872 0.011450 -0.175472 -0.084264 -0.061187 -0.218129 -0.078865 0.054106 -0.187708 1741280515.713787
0.136438 -0.060285 -0.173720 0.139121 0.012383 -0.176390 -0.084847 -0.061148 -0.218384 -0.079469 0.054288 -0.187889 1741280515.724095
0.135753 -0.059294 -0.174835 0.138277 0.013426 -0.177422 -0.085487 -0.061100 -0.218669 -0.080112 0.054511 -0.188296 1741280515.736033
0.135043 -0.058272 -0.175980 0.137401 0.014495 -0.178488 -0.086131 -0.061045 -0.218963 -0.080800 0.054728 -0.188923 1741280515.746427
0.134415 -0.057368 -0.176990 0.136621 0.015436 -0.179436 -0.086686 -0.060991 -0.219223 -0.081431 0.054910 -0.189632 1741280515.756268
0.133727 -0.056378 -0.178089 0.135760 0.016460 -0.180477 -0.087279 -0.060926 -0.219509 -0.082144 0.055104 -0.190554 1741280515.770004
0.133007 -0.055336 -0.179240 0.134839 0.017529 -0.181582 -0.087881 -0.060851 -0.219811 -0.082917 0.055302 -0.191671 1741280515.778540
0.132337 -0.054361 -0.180310 0.133961 0.018523 -0.182627 -0.088426 -0.060774 -0.220096 -0.083660 0.055486 -0.192838 1741280515.789392
0.131655 -0.053358 -0.181405 0.133047 0.019539 -0.183707 -0.088969 -0.060689 -0.220390 -0.084445 0.055674 -0.194148 1741280515.798770
0.131011 -0.052397 -0.182450 0.132165 0.020509 -0.184746 -0.089476 -0.060602 -0.220673 -0.085213 0.055855 -0.195497 1741280515.809268
0.130357 -0.051407 -0.183521 0.131257 0.021505 -0.185816 -0.089988 -0.060506 -0.220965 -0.086022 0.056044 -0.196974 1741280515.822992
0.129687 -0.050369 -0.184641 0.130309 0.022547 -0.186939 -0.090514 -0.060400 -0.221273 -0.086889 0.056246 -0.198612 1741280515.833055
0.129073 -0.049395 -0.185694 0.129430 0.023526 -0.187991 -0.091003 -0.060295 -0.221563 -0.087719 0.056440 -0.200228 1741280515.842097
0.128505 -0.048463 -0.186703 0.128605 0.024462 -0.188997 -0.091467 -0.060188 -0.221842 -0.088527 0.056630 -0.201842 1741280515.852025
0.127980 -0.047568 -0.187678 0.127835 0.025361 -0.189962 -0.091912 -0.060082 -0.222111 -0.089315 0.056817 -0.203451 1741280515.863087
0.127489 -0.046691 -0.188640 0.127110 0.026241 -0.190907 -0.092351 -0.059973 -0.222376 -0.090099 0.057006 -0.205087 1741280515.872826
0.127028 -0.045817 -0.189614 0.126425 0.027118 -0.191850 -0.092794 -0.059859 -0.222642 -0.090891 0.057199 -0.206778 1741280515.884329
0.126606 -0.044947 -0.190604 0.125796 0.027990 -0.192794 -0.093244 -0.059742 -0.222910 -0.091689 0.057397 -0.208525 1741280515.894844
0.126261 -0.044151 -0.191539 0.125278 0.028780 -0.193659 -0.093666 -0.059630 -0.223157 -0.092423 0.057582 -0.210180 1741280515.907130
0.125982 -0.043424 -0.192416 0.124855 0.029493 -0.194450 -0.094062 -0.059526 -0.223384 -0.093088 0.057752 -0.211734 1741280515.917196
0.125750 -0.042739 -0.193257 0.124495 0.030161 -0.195196 -0.094447 -0.059427 -0.223598 -0.093704 0.057912 -0.213236 1741280515.927105
0.125556 -0.042098 -0.194054 0.124187 0.030783 -0.195896 -0.094818 -0.059334 -0.223798 -0.094266 0.058059 -0.214679 1741280515.936774
0.125363 -0.041451 -0.194877 0.123865 0.031407 -0.196615 -0.095167 -0.059254 -0.223996 -0.094826 0.058203 -0.216200 1741280515.947874
0.125190 -0.040899 -0.195599 0.123563 0.031939 -0.197247 -0.095437 -0.059199 -0.224161 -0.095315 0.058324 -0.217561 1741280515.958865
0.125021 -0.040392 -0.196278 0.123247 0.032427 -0.197848 -0.095666 -0.059162 -0.224309 -0.095796 0.058429 -0.218870 1741280515.969164
0.124865 -0.039960 -0.196866 0.122938 0.032842 -0.198376 -0.095849 -0.059140 -0.224431 -0.096233 0.058511 -0.220029 1741280515.978677
0.124718 -0.039575 -0.197397 0.122672 0.033219 -0.198851 -0.095999 -0.059129 -0.224536 -0.096487 0.058577 -0.221079 1741280515.991259
0.124583 -0.039242 -0.197860 0.122457 0.033552 -0.199265 -0.096124 -0.059125 -0.224621 -0.096556 0.058627 -0.221998 1741280516.011126
0.124461 -0.038968 -0.198239 0.122291 0.033831 -0.199609 -0.096230 -0.059126 -0.224685 -0.096494 0.058661 -0.222761 1741280516.012253
0.124347 -0.038744 -0.198545 0.122156 0.034064 -0.199895 -0.096333 -0.059129 -0.224732 -0.096360 0.058684 -0.223396 1741280516.021889
