# Leg endpoints matrix: 162 frames, 12 coordinates per frame + timestamp
# Order: fr[x,y,z] fl[x,y,z] hr[x,y,z] hl[x,y,z] timestamp
0.108243 -0.079659 -0.108221 0.126208 0.045854 -0.187937 -0.046524 -0.054075 -0.189476 -0.180316 0.050265 -0.196540 1743113225.860856
0.110840 -0.079947 -0.109207 0.123179 0.045705 -0.187667 -0.047124 -0.054108 -0.190064 -0.180583 0.050226 -0.196546 1743113225.862652
0.113496 -0.080180 -0.110312 0.120111 0.045607 -0.187376 -0.047774 -0.054140 -0.190612 -0.180839 0.050188 -0.196564 1743113225.863290
0.116284 -0.080353 -0.111564 0.116924 0.045560 -0.187057 -0.048437 -0.054177 -0.191132 -0.181091 0.050149 -0.196594 1743113225.863840
0.118921 -0.080443 -0.112824 0.113942 0.045565 -0.186743 -0.048992 -0.054222 -0.191572 -0.181314 0.050114 -0.196633 1743113225.864418
0.121549 -0.080456 -0.114147 0.110999 0.045616 -0.186417 -0.049510 -0.054268 -0.191969 -0.181522 0.050080 -0.196683 1743113225.864949
0.124342 -0.080378 -0.115623 0.107898 0.045719 -0.186056 -0.050160 -0.054298 -0.192354 -0.181731 0.050045 -0.196746 1743113225.865499
0.127026 -0.080205 -0.117106 0.104940 0.045864 -0.185697 -0.050886 -0.054310 -0.192695 -0.181920 0.050013 -0.196818 1743113225.865998
0.129784 -0.079915 -0.118696 0.101915 0.046061 -0.185315 -0.051739 -0.054307 -0.193023 -0.182103 0.049982 -0.196903 1743113225.866492
0.132444 -0.079538 -0.120308 0.098996 0.046298 -0.184943 -0.052669 -0.054289 -0.193322 -0.182269 0.049954 -0.196996 1743113225.867009
0.135150 -0.079101 -0.122048 0.096005 0.046584 -0.184577 -0.053720 -0.054258 -0.193612 -0.182428 0.049927 -0.197101 1743113225.869006
0.137801 -0.078624 -0.123839 0.093069 0.046910 -0.184230 -0.054853 -0.054217 -0.193887 -0.182573 0.049903 -0.197214 1743113225.878506
0.140574 -0.078076 -0.125797 0.090004 0.047297 -0.183874 -0.056152 -0.054164 -0.194167 -0.182715 0.049880 -0.197344 1743113225.888520
0.143304 -0.077486 -0.127801 0.086990 0.047724 -0.183523 -0.057548 -0.054104 -0.194442 -0.182822 0.049859 -0.197504 1743113225.899301
0.146021 -0.076839 -0.129885 0.083951 0.048191 -0.183162 -0.059070 -0.054036 -0.194720 -0.182839 0.049835 -0.197726 1743113225.909209
0.148524 -0.076189 -0.131881 0.081129 0.048657 -0.182814 -0.060598 -0.053969 -0.194984 -0.182779 0.049813 -0.197949 1743113225.919544
0.151053 -0.075481 -0.133965 0.078274 0.049164 -0.182448 -0.062272 -0.053896 -0.195263 -0.182648 0.049791 -0.198148 1743113225.929750
0.153493 -0.074747 -0.136039 0.075525 0.049686 -0.182079 -0.064022 -0.053823 -0.195546 -0.182460 0.049771 -0.198271 1743113225.941167
0.156010 -0.073916 -0.138238 0.072697 0.050245 -0.181676 -0.065974 -0.053745 -0.195859 -0.182209 0.049753 -0.198275 1743113225.951226
0.158426 -0.073047 -0.140403 0.069990 0.050803 -0.181265 -0.068001 -0.053668 -0.196182 -0.181920 0.049739 -0.198109 1743113225.960685
0.160805 -0.072127 -0.142577 0.067342 0.051375 -0.180835 -0.070154 -0.053591 -0.196526 -0.181593 0.049728 -0.197722 1743113225.971282
0.163076 -0.071193 -0.144687 0.064835 0.051945 -0.180399 -0.072369 -0.053516 -0.196884 -0.181236 0.049723 -0.197099 1743113225.981424
0.165446 -0.070169 -0.146916 0.062251 0.052569 -0.179914 -0.074861 -0.053436 -0.197294 -0.180743 0.049726 -0.196216 1743113225.992209
0.167617 -0.069197 -0.148973 0.059924 0.053168 -0.179445 -0.077318 -0.053362 -0.197704 -0.180120 0.049738 -0.195218 1743113226.003541
0.169838 -0.068181 -0.151083 0.057595 0.053811 -0.178938 -0.080019 -0.053282 -0.198164 -0.179246 0.049763 -0.194029 1743113226.014005
0.171984 -0.067193 -0.153123 0.055403 0.054460 -0.178422 -0.082818 -0.053200 -0.198650 -0.178154 0.049798 -0.192724 1743113226.023141
0.174065 -0.066234 -0.155130 0.053319 0.055105 -0.177888 -0.085709 -0.053112 -0.199160 -0.176971 0.049833 -0.191273 1743113226.034179
0.175984 -0.065363 -0.157012 0.051439 0.055715 -0.177365 -0.088529 -0.053023 -0.199666 -0.175762 0.049867 -0.189773 1743113226.045276
0.177877 -0.064535 -0.158903 0.049632 0.056329 -0.176818 -0.091452 -0.052930 -0.200203 -0.174434 0.049903 -0.188147 1743113226.053944
0.179796 -0.063736 -0.160849 0.047871 0.056962 -0.176232 -0.094543 -0.052831 -0.200785 -0.172933 0.049941 -0.186366 1743113226.065450
0.181644 -0.062968 -0.162717 0.046279 0.057570 -0.175649 -0.097600 -0.052734 -0.201367 -0.171345 0.049982 -0.184571 1743113226.077606
0.183455 -0.062203 -0.164557 0.044822 0.058168 -0.175054 -0.100691 -0.052636 -0.201956 -0.169626 0.050026 -0.182745 1743113226.087469
0.185151 -0.061469 -0.166315 0.043549 0.058733 -0.174470 -0.103704 -0.052541 -0.202525 -0.167836 0.050072 -0.180978 1743113226.097231
0.186790 -0.060734 -0.168073 0.042404 0.059289 -0.173873 -0.106762 -0.052445 -0.203093 -0.165904 0.050122 -0.179210 1743113226.107763
0.188261 -0.060040 -0.169737 0.041425 0.059807 -0.173298 -0.109680 -0.052354 -0.203623 -0.163968 0.050174 -0.177514 1743113226.112942
0.189643 -0.059344 -0.171421 0.040536 0.060320 -0.172707 -0.112639 -0.052262 -0.204146 -0.161915 0.050231 -0.175790 1743113226.127360
0.190864 -0.058674 -0.173065 0.039763 0.060809 -0.172122 -0.115516 -0.052173 -0.204637 -0.159827 0.050291 -0.174118 1743113226.136451
0.191933 -0.058015 -0.174727 0.039074 0.061288 -0.171526 -0.118378 -0.052085 -0.205106 -0.157657 0.050355 -0.172466 1743113226.147056
0.192839 -0.057345 -0.176505 0.038441 0.061776 -0.170890 -0.121334 -0.051995 -0.205568 -0.155313 0.050426 -0.170783 1743113226.161043
0.193520 -0.056707 -0.178247 0.037899 0.062241 -0.170253 -0.124174 -0.051909 -0.205989 -0.152951 0.050500 -0.169198 1743113226.165298
0.194019 -0.056085 -0.179955 0.037424 0.062697 -0.169596 -0.126966 -0.051826 -0.206379 -0.150515 0.050578 -0.167687 1743113226.180341
0.194357 -0.055498 -0.181540 0.037023 0.063135 -0.168936 -0.129622 -0.051747 -0.206726 -0.148080 0.050657 -0.166307 1743113226.188864
0.194614 -0.054914 -0.183042 0.036697 0.063590 -0.168246 -0.132278 -0.051670 -0.207048 -0.145507 0.050740 -0.165001 1743113226.200119
0.194810 -0.054373 -0.184331 0.036455 0.064035 -0.167567 -0.134748 -0.051599 -0.207323 -0.142971 0.050821 -0.163876 1743113226.209960
0.194989 -0.053867 -0.185411 0.036277 0.064472 -0.166885 -0.137059 -0.051535 -0.207558 -0.140442 0.050900 -0.162925 1743113226.221513
0.195171 -0.053382 -0.186290 0.036104 0.064909 -0.166184 -0.139246 -0.051475 -0.207758 -0.137882 0.050978 -0.162146 1743113226.229699
0.195280 -0.052867 -0.187003 0.035775 0.065346 -0.165452 -0.141360 -0.051415 -0.207921 -0.135275 0.051054 -0.161552 1743113226.241275
0.195298 -0.052315 -0.187587 0.035463 0.065777 -0.164655 -0.143440 -0.051353 -0.208045 -0.132584 0.051129 -0.161160 1743113226.250533
0.195217 -0.051732 -0.188060 0.035414 0.066184 -0.163760 -0.145479 -0.051289 -0.208126 -0.129816 0.051201 -0.160996 1743113226.262426
0.195019 -0.051097 -0.188461 0.035864 0.066571 -0.162665 -0.147573 -0.051219 -0.208165 -0.126797 0.051273 -0.161101 1743113226.272599
0.194720 -0.050485 -0.188766 0.036578 0.066957 -0.161446 -0.149457 -0.051154 -0.208191 -0.123738 0.051332 -0.161499 1743113226.283168
0.194303 -0.049863 -0.189019 0.037492 0.067401 -0.159992 -0.151260 -0.051090 -0.208214 -0.120454 0.051383 -0.162169 1743113226.293037
0.193764 -0.049241 -0.189232 0.038557 0.067925 -0.158266 -0.152971 -0.051028 -0.208233 -0.116997 0.051428 -0.163070 1743113226.305624
0.193074 -0.048604 -0.189427 0.039841 0.068552 -0.156159 -0.154644 -0.050966 -0.208251 -0.113277 0.051468 -0.164204 1743113226.314633
0.192233 -0.047971 -0.189616 0.041571 0.069209 -0.153726 -0.156233 -0.050905 -0.208266 -0.109419 0.051507 -0.165510 1743113226.325851
0.191244 -0.047342 -0.189800 0.043573 0.069913 -0.151000 -0.157753 -0.050846 -0.208279 -0.105430 0.051546 -0.166961 1743113226.335335
0.190083 -0.046701 -0.189982 0.045669 0.070713 -0.147973 -0.159249 -0.050786 -0.208289 -0.101217 0.051589 -0.168573 1743113226.344877
0.188828 -0.046085 -0.190151 0.047580 0.071574 -0.144924 -0.160640 -0.050730 -0.208297 -0.097057 0.051637 -0.170224 1743113226.354462
0.187451 -0.045475 -0.190309 0.049583 0.072455 -0.141746 -0.161982 -0.050676 -0.208301 -0.092838 0.051692 -0.171943 1743113226.365751
0.185904 -0.044848 -0.190459 0.051790 0.073364 -0.138349 -0.163328 -0.050620 -0.208302 -0.088438 0.051759 -0.173778 1743113226.375635
0.184214 -0.044217 -0.190594 0.054149 0.074270 -0.134842 -0.164655 -0.050566 -0.208297 -0.083973 0.051837 -0.175682 1743113226.386243
0.182415 -0.043592 -0.190710 0.056598 0.075153 -0.131342 -0.165948 -0.050513 -0.208287 -0.079545 0.051927 -0.177623 1743113226.396437
0.180445 -0.042951 -0.190806 0.059205 0.076040 -0.127795 -0.167256 -0.050459 -0.208269 -0.074991 0.052035 -0.179700 1743113226.406743
0.178336 -0.042305 -0.190877 0.061908 0.076921 -0.124341 -0.168563 -0.050406 -0.208241 -0.070533 0.052154 -0.181808 1743113226.418399
0.176223 -0.041690 -0.190917 0.064534 0.077754 -0.121249 -0.169801 -0.050356 -0.208205 -0.066602 0.052264 -0.183763 1743113226.427285
0.173965 -0.041062 -0.190929 0.067255 0.078617 -0.118363 -0.171063 -0.050307 -0.208156 -0.063070 0.052359 -0.185679 1743113226.437790
0.171552 -0.040418 -0.190907 0.070071 0.079523 -0.115673 -0.172356 -0.050254 -0.208093 -0.059809 0.052467 -0.187586 1743113226.448836
0.169195 -0.039810 -0.190852 0.072725 0.080381 -0.113393 -0.173575 -0.050203 -0.208022 -0.057053 0.052582 -0.189316 1743113226.458982
0.166771 -0.039201 -0.190764 0.075353 0.081230 -0.111384 -0.174798 -0.050150 -0.207937 -0.054643 0.052701 -0.190956 1743113226.468941
0.164189 -0.038567 -0.190637 0.078040 0.082092 -0.109607 -0.176070 -0.050094 -0.207833 -0.052535 0.052821 -0.192547 1743113226.479131
0.161545 -0.037929 -0.190475 0.080683 0.082927 -0.108163 -0.177316 -0.050039 -0.207721 -0.050856 0.052931 -0.194014 1743113226.490079
0.158930 -0.037305 -0.190285 0.083198 0.083704 -0.107107 -0.178488 -0.049987 -0.207606 -0.049667 0.053018 -0.195307 1743113226.500973
0.156223 -0.036663 -0.190061 0.085712 0.084455 -0.106403 -0.179643 -0.049934 -0.207484 -0.048924 0.053080 -0.196482 1743113226.510886
0.153391 -0.035998 -0.189799 0.088268 0.085179 -0.106083 -0.180791 -0.049880 -0.207352 -0.048658 0.053110 -0.197536 1743113226.520892
0.150615 -0.035392 -0.189515 0.090764 0.085831 -0.106075 -0.181850 -0.049830 -0.207222 -0.048732 0.053121 -0.198417 1743113226.532365
0.147813 -0.034829 -0.189199 0.093297 0.086440 -0.106319 -0.182857 -0.049781 -0.207089 -0.049000 0.053129 -0.199167 1743113226.541599
0.144920 -0.034298 -0.188841 0.095937 0.087023 -0.106806 -0.183832 -0.049732 -0.206951 -0.049365 0.053144 -0.199797 1743113226.552399
0.141946 -0.033796 -0.188437 0.098684 0.087581 -0.107525 -0.184769 -0.049683 -0.206810 -0.049728 0.053178 -0.200296 1743113226.564216
0.139019 -0.033321 -0.188002 0.101423 0.088107 -0.108416 -0.185627 -0.049638 -0.206672 -0.050057 0.053221 -0.200669 1743113226.573245
0.135972 -0.032839 -0.187505 0.104317 0.088633 -0.109510 -0.186455 -0.049593 -0.206529 -0.050349 0.053274 -0.200964 1743113226.583649
0.132919 -0.032370 -0.186961 0.107265 0.089135 -0.110756 -0.187219 -0.049549 -0.206388 -0.050562 0.053341 -0.201184 1743113226.595361
0.129846 -0.031914 -0.186366 0.110287 0.089613 -0.112143 -0.187925 -0.049508 -0.206248 -0.050674 0.053425 -0.201351 1743113226.605649
0.126880 -0.031488 -0.185743 0.113257 0.090044 -0.113594 -0.188546 -0.049471 -0.206115 -0.050734 0.053514 -0.201460 1743113226.614558
0.123775 -0.031060 -0.185039 0.116423 0.090460 -0.115217 -0.189132 -0.049435 -0.205978 -0.050784 0.053613 -0.201526 1743113226.631761
0.120706 -0.030657 -0.184289 0.119607 0.090833 -0.116915 -0.189647 -0.049402 -0.205846 -0.050842 0.053714 -0.201549 1743113226.632810
0.117600 -0.030268 -0.183472 0.122881 0.091167 -0.118719 -0.190102 -0.049371 -0.205715 -0.050934 0.053817 -0.201537 1743113226.647698
0.114562 -0.029910 -0.182616 0.126127 0.091450 -0.120559 -0.190481 -0.049344 -0.205590 -0.051077 0.053916 -0.201496 1743113226.657168
0.111502 -0.029573 -0.181692 0.129434 0.091689 -0.122483 -0.190794 -0.049321 -0.205468 -0.051301 0.054013 -0.201431 1743113226.666698
0.108534 -0.029270 -0.180736 0.132669 0.091875 -0.124415 -0.191027 -0.049301 -0.205353 -0.051618 0.054102 -0.201352 1743113226.678912
0.105694 -0.029005 -0.179763 0.135779 0.092013 -0.126322 -0.191185 -0.049286 -0.205247 -0.052039 0.054180 -0.201264 1743113226.683250
0.102777 -0.028760 -0.178701 0.139008 0.092154 -0.128352 -0.191288 -0.049277 -0.205140 -0.052619 0.054252 -0.201167 1743113226.697455
0.099946 -0.028551 -0.177607 0.142182 0.092298 -0.130391 -0.191303 -0.049273 -0.205017 -0.053356 0.054312 -0.201068 1743113226.707778
0.097179 -0.028378 -0.176473 0.145324 0.092441 -0.132451 -0.191195 -0.049274 -0.204854 -0.054274 0.054361 -0.200970 1743113226.718146
0.094462 -0.028242 -0.175295 0.148442 0.092576 -0.134538 -0.190924 -0.049279 -0.204627 -0.055405 0.054396 -0.200875 1743113226.728824
0.091879 -0.028147 -0.174111 0.151438 0.092693 -0.136583 -0.190466 -0.049286 -0.204316 -0.056730 0.054417 -0.200785 1743113226.737998
0.089237 -0.028088 -0.172830 0.154530 0.092797 -0.138740 -0.189736 -0.049297 -0.203863 -0.058388 0.054425 -0.200692 1743113226.748660
0.086709 -0.028075 -0.171533 0.157509 0.092874 -0.140869 -0.188719 -0.049310 -0.203251 -0.060316 0.054418 -0.200600 1743113226.759155
0.084299 -0.028106 -0.170227 0.160364 0.092919 -0.142964 -0.187388 -0.049324 -0.202440 -0.062527 0.054398 -0.200503 1743113226.769276
0.082066 -0.028178 -0.168967 0.162994 0.092931 -0.144953 -0.185919 -0.049322 -0.201432 -0.064929 0.054370 -0.200402 1743113226.780854
0.079878 -0.028293 -0.167698 0.165532 0.092909 -0.146940 -0.184278 -0.049306 -0.200201 -0.067625 0.054337 -0.200297 1743113226.789866
0.077769 -0.028449 -0.166453 0.167917 0.092851 -0.148885 -0.182483 -0.049280 -0.198803 -0.070554 0.054304 -0.200190 1743113226.800618
0.075695 -0.028653 -0.165217 0.170182 0.092750 -0.150822 -0.180490 -0.049251 -0.197244 -0.073763 0.054276 -0.200085 1743113226.810534
0.073702 -0.029007 -0.164046 0.172263 0.092504 -0.152721 -0.178321 -0.049236 -0.195601 -0.077206 0.054233 -0.199995 1743113226.823693
0.071759 -0.029555 -0.162941 0.174184 0.092068 -0.154616 -0.175951 -0.049242 -0.193898 -0.080895 0.054168 -0.199919 1743113226.828592
0.069780 -0.030307 -0.161865 0.176013 0.091425 -0.156586 -0.173280 -0.049267 -0.192113 -0.084928 0.054084 -0.199849 1743113226.841795
0.067844 -0.031216 -0.160871 0.177660 0.090609 -0.158543 -0.170437 -0.049308 -0.190376 -0.089072 0.053987 -0.199789 1743113226.851304
0.065945 -0.032268 -0.159963 0.179146 0.089647 -0.160488 -0.167475 -0.049360 -0.188667 -0.093278 0.053883 -0.199741 1743113226.861723
0.064044 -0.033472 -0.159129 0.180509 0.088539 -0.162455 -0.164396 -0.049420 -0.186921 -0.097574 0.053771 -0.199714 1743113226.872450
0.062169 -0.034789 -0.158388 0.181728 0.087324 -0.164402 -0.161309 -0.049484 -0.185170 -0.101823 0.053656 -0.199721 1743113226.882869
0.060320 -0.036193 -0.157742 0.182806 0.086028 -0.166315 -0.158274 -0.049550 -0.183426 -0.105954 0.053541 -0.199777 1743113226.892917
0.059226 -0.037070 -0.157394 0.183391 0.085219 -0.167448 -0.156490 -0.049590 -0.182383 -0.108373 0.053471 -0.199834 1743113226.904281
0.056510 -0.039409 -0.156619 0.184697 0.083063 -0.170295 -0.152100 -0.049692 -0.179731 -0.114384 0.053286 -0.200023 1743113226.913925
0.054638 -0.041154 -0.156150 0.185483 0.081460 -0.172296 -0.149133 -0.049766 -0.177846 -0.118545 0.053148 -0.200187 1743113226.924712
0.052829 -0.042948 -0.155738 0.186159 0.079818 -0.174276 -0.146331 -0.049843 -0.175972 -0.122601 0.053004 -0.200367 1743113226.935059
0.051094 -0.044770 -0.155380 0.186702 0.078167 -0.176262 -0.143668 -0.049931 -0.174129 -0.126537 0.052856 -0.200554 1743113226.945653
0.049403 -0.046647 -0.155061 0.187123 0.076481 -0.178298 -0.141061 -0.050033 -0.172289 -0.130433 0.052702 -0.200748 1743113226.956523
0.047729 -0.048610 -0.154773 0.187451 0.074726 -0.180402 -0.138457 -0.050149 -0.170420 -0.134369 0.052539 -0.200947 1743113226.967500
0.046284 -0.050395 -0.154548 0.187678 0.073132 -0.182280 -0.136184 -0.050260 -0.168764 -0.137846 0.052392 -0.201123 1743113226.978414
0.044902 -0.052189 -0.154352 0.187867 0.071528 -0.184126 -0.133974 -0.050376 -0.167136 -0.141225 0.052246 -0.201295 1743113226.987517
0.043631 -0.053922 -0.154193 0.188045 0.069974 -0.185863 -0.131896 -0.050490 -0.165596 -0.144384 0.052107 -0.201460 1743113226.998987
0.042488 -0.055559 -0.154069 0.188244 0.068503 -0.187452 -0.129974 -0.050602 -0.164169 -0.147289 0.051975 -0.201616 1743113227.009919
0.041464 -0.057094 -0.153980 0.188497 0.067121 -0.188894 -0.128192 -0.050708 -0.162853 -0.149965 0.051848 -0.201764 1743113227.019210
0.040548 -0.058474 -0.153910 0.188765 0.065900 -0.190194 -0.126572 -0.050807 -0.161672 -0.152376 0.051729 -0.201902 1743113227.029731
0.039747 -0.059671 -0.153853 0.189001 0.064876 -0.191323 -0.125147 -0.050896 -0.160658 -0.154474 0.051620 -0.202028 1743113227.039448
0.039045 -0.060728 -0.153810 0.189200 0.064011 -0.192300 -0.123880 -0.050976 -0.159791 -0.156316 0.051522 -0.202144 1743113227.049520
0.038432 -0.061678 -0.153780 0.189358 0.063280 -0.193140 -0.122741 -0.051047 -0.159059 -0.157938 0.051432 -0.202251 1743113227.059029
0.037910 -0.062545 -0.153764 0.189471 0.062675 -0.193853 -0.121733 -0.051110 -0.158434 -0.159355 0.051351 -0.202352 1743113227.069723
0.037536 -0.063257 -0.153764 0.189525 0.062246 -0.194379 -0.120966 -0.051160 -0.157953 -0.160427 0.051288 -0.202434 1743113227.080517
0.037296 -0.063865 -0.153781 0.189524 0.061959 -0.194759 -0.120403 -0.051199 -0.157585 -0.161211 0.051242 -0.202498 1743113227.090249
0.037419 -0.063484 -0.153864 0.189440 0.062211 -0.194946 -0.119871 -0.051216 -0.157647 -0.161732 0.051214 -0.202511 1743113227.100329
0.037688 -0.063660 -0.152494 0.188957 0.062038 -0.194661 -0.118728 -0.051231 -0.157687 -0.162677 0.051201 -0.202161 1743113227.110913
0.037789 -0.063841 -0.151129 0.188402 0.061819 -0.194387 -0.117509 -0.051248 -0.157753 -0.163549 0.051187 -0.201835 1743113227.120842
0.038058 -0.064034 -0.149497 0.187674 0.061517 -0.194081 -0.115970 -0.051269 -0.157896 -0.164489 0.051171 -0.201483 1743113227.135552
0.038768 -0.064184 -0.147803 0.186887 0.061184 -0.193795 -0.114324 -0.051288 -0.158130 -0.165340 0.051155 -0.201163 1743113227.139284
0.040132 -0.064308 -0.145834 0.185968 0.060795 -0.193502 -0.112383 -0.051307 -0.158504 -0.166188 0.051138 -0.200843 1743113227.152793
0.041901 -0.064459 -0.143709 0.184971 0.060374 -0.193222 -0.110218 -0.051324 -0.159024 -0.166987 0.051120 -0.200541 1743113227.163056
0.043924 -0.064701 -0.141388 0.183860 0.059912 -0.192944 -0.107711 -0.051343 -0.159728 -0.167765 0.051101 -0.200247 1743113227.173590
0.045999 -0.065094 -0.138941 0.182643 0.059415 -0.192674 -0.104824 -0.051367 -0.160629 -0.168520 0.051080 -0.199962 1743113227.183552
0.048223 -0.065637 -0.136357 0.181291 0.058875 -0.192406 -0.101543 -0.051394 -0.161746 -0.169264 0.051058 -0.199683 1743113227.194104
0.050672 -0.066248 -0.133704 0.179846 0.058313 -0.192152 -0.098075 -0.051421 -0.163006 -0.169976 0.051035 -0.199417 1743113227.203827
0.053306 -0.066911 -0.130979 0.178295 0.057727 -0.191911 -0.094419 -0.051453 -0.164378 -0.170662 0.051010 -0.199162 1743113227.214710
0.055997 -0.067594 -0.128274 0.176682 0.057135 -0.191688 -0.090701 -0.051495 -0.165791 -0.171309 0.050985 -0.198925 1743113227.225307
0.058771 -0.068303 -0.125544 0.174961 0.056522 -0.191479 -0.086850 -0.051553 -0.167254 -0.171936 0.050958 -0.198697 1743113227.234816
0.061630 -0.069041 -0.122783 0.173102 0.055881 -0.191277 -0.082832 -0.051629 -0.168768 -0.172554 0.050930 -0.198476 1743113227.245521
0.064357 -0.069757 -0.120209 0.171224 0.055254 -0.191095 -0.078945 -0.051721 -0.170220 -0.173127 0.050901 -0.198274 1743113227.256962
0.067138 -0.070507 -0.117672 0.169179 0.054592 -0.190915 -0.074925 -0.051836 -0.171712 -0.173702 0.050870 -0.198076 1743113227.265824
0.069836 -0.071247 -0.115342 0.167066 0.053929 -0.190745 -0.071024 -0.051966 -0.173163 -0.174250 0.050838 -0.197892 1743113227.276756
0.072592 -0.071993 -0.113142 0.164799 0.053240 -0.190577 -0.067157 -0.052112 -0.174629 -0.174793 0.050804 -0.197714 1743113227.288532
0.075307 -0.072708 -0.111197 0.162470 0.052555 -0.190416 -0.063551 -0.052261 -0.176056 -0.175310 0.050770 -0.197550 1743113227.296703
0.078031 -0.073401 -0.109509 0.160056 0.051868 -0.190257 -0.060234 -0.052406 -0.177474 -0.175806 0.050734 -0.197398 1743113227.307006
0.080728 -0.074058 -0.108092 0.157565 0.051182 -0.190100 -0.057233 -0.052559 -0.178869 -0.176283 0.050697 -0.197259 1743113227.317634
0.083327 -0.074672 -0.106950 0.155017 0.050505 -0.189943 -0.054539 -0.052739 -0.180191 -0.176737 0.050660 -0.197133 1743113227.340481
0.085897 -0.075277 -0.106076 0.152346 0.049820 -0.189779 -0.052110 -0.052941 -0.181469 -0.177179 0.050622 -0.197017 1743113227.344819
0.088416 -0.075887 -0.105512 0.149576 0.049135 -0.189609 -0.050009 -0.053152 -0.182685 -0.177607 0.050582 -0.196913 1743113227.348779
0.090836 -0.076474 -0.105230 0.146808 0.048505 -0.189437 -0.048324 -0.053353 -0.183794 -0.178005 0.050543 -0.196824 1743113227.360411
0.093242 -0.077025 -0.105150 0.144002 0.047946 -0.189259 -0.047029 -0.053538 -0.184818 -0.178383 0.050503 -0.196748 1743113227.370795
0.095690 -0.077553 -0.105259 0.141111 0.047444 -0.189070 -0.046120 -0.053699 -0.185771 -0.178748 0.050463 -0.196684 1743113227.380888
0.098158 -0.078050 -0.105548 0.138175 0.047006 -0.188870 -0.045634 -0.053825 -0.186637 -0.179095 0.050423 -0.196631 1743113227.392306
0.100640 -0.078512 -0.106002 0.135215 0.046631 -0.188658 -0.045520 -0.053916 -0.187423 -0.179424 0.050383 -0.196591 1743113227.401493
0.103152 -0.078938 -0.106608 0.132222 0.046315 -0.188432 -0.045669 -0.053985 -0.188158 -0.179738 0.050343 -0.196562 1743113227.411517
0.105694 -0.079323 -0.107355 0.129209 0.046056 -0.188191 -0.046023 -0.054036 -0.188844 -0.180036 0.050303 -0.196545 1743113227.422346
0.108357 -0.079673 -0.108262 0.126075 0.045847 -0.187926 -0.046549 -0.054077 -0.189503 -0.180328 0.050263 -0.196540 1743113227.432877
