-0.400000 0.785398 -1.570796 0.400000 0.785398 -1.570796 -0.400000 -0.785398 1.570796 0.400000 -0.785398 1.570796
-0.399970 0.788455 -1.571095 0.400119 0.788432 -1.570994 -0.399822 -0.782442 1.570699 0.400126 -0.782364 1.570599
-0.399939 0.791501 -1.571368 0.400239 0.791456 -1.571166 -0.399643 -0.779473 1.570577 0.400252 -0.779317 1.570377
-0.399908 0.794540 -1.571621 0.400359 0.794470 -1.571317 -0.399465 -0.776494 1.570435 0.400378 -0.776261 1.570134
-0.399878 0.797572 -1.571856 0.400480 0.797478 -1.571450 -0.399287 -0.773505 1.570277 0.400506 -0.773194 1.569875
-0.399848 0.800599 -1.572076 0.400601 0.800481 -1.571567 -0.399110 -0.770507 1.570106 0.400634 -0.770119 1.569602
-0.399765 0.803573 -1.571899 0.402413 0.803999 -1.579705 -0.398962 -0.767455 1.570122 0.400797 -0.766955 1.569463
-0.399683 0.806543 -1.571704 0.404237 0.807406 -1.587932 -0.398814 -0.764391 1.570126 0.400963 -0.763779 1.569310
-0.399601 0.809511 -1.571487 0.406081 0.810610 -1.596324 -0.398667 -0.761311 1.570120 0.401131 -0.760586 1.569147
-0.399518 0.812480 -1.571244 0.407955 0.813536 -1.604937 -0.398522 -0.758213 1.570106 0.401301 -0.757375 1.568975
-0.399436 0.815450 -1.570974 0.409867 0.816118 -1.613810 -0.398377 -0.755094 1.570084 0.401475 -0.754141 1.568793
-0.399353 0.818423 -1.570673 0.411823 0.818301 -1.622971 -0.398233 -0.751952 1.570055 0.401651 -0.750884 1.568603
-0.399270 0.821401 -1.570342 0.413829 0.820037 -1.632435 -0.398091 -0.748785 1.570017 0.401831 -0.747601 1.568404
-0.399188 0.824383 -1.569978 0.415890 0.821280 -1.642203 -0.397949 -0.745592 1.569971 0.402014 -0.744290 1.568195
-0.399106 0.827371 -1.569581 0.418008 0.821991 -1.652270 -0.397809 -0.742370 1.569916 0.402201 -0.740950 1.567977
-0.399026 0.830366 -1.569151 0.420187 0.822132 -1.662621 -0.397671 -0.739119 1.569850 0.402390 -0.737579 1.567748
-0.398948 0.833367 -1.568688 0.422427 0.821668 -1.673232 -0.397534 -0.735836 1.569773 0.402582 -0.734175 1.567507
-0.398872 0.836377 -1.568191 0.424728 0.820567 -1.684072 -0.397398 -0.732520 1.569682 0.402777 -0.730738 1.567253
-0.398798 0.839395 -1.567662 0.427090 0.818796 -1.695105 -0.397263 -0.729171 1.569577 0.402974 -0.727265 1.566985
-0.398728 0.842422 -1.567101 0.429510 0.816327 -1.706287 -0.397130 -0.725787 1.569456 0.403174 -0.723757 1.566701
-0.398661 0.845459 -1.566509 0.431985 0.813134 -1.717570 -0.396997 -0.722366 1.569316 0.403375 -0.720212 1.566401
-0.398599 0.848507 -1.565886 0.434512 0.809191 -1.728900 -0.396865 -0.718907 1.569156 0.403578 -0.716628 1.566081
-0.398542 0.851566 -1.565235 0.437085 0.804478 -1.740218 -0.396734 -0.715410 1.568973 0.403783 -0.713006 1.565741
-0.398490 0.854637 -1.564557 0.439697 0.798975 -1.751464 -0.396604 -0.711872 1.568766 0.403989 -0.709342 1.565379
-0.398444 0.857721 -1.563852 0.442343 0.792668 -1.762572 -0.396473 -0.708294 1.568531 0.404195 -0.705638 1.564992
-0.398404 0.860819 -1.563122 0.445013 0.785546 -1.773473 -0.396342 -0.704673 1.568267 0.404403 -0.701891 1.564578
-0.398371 0.863930 -1.562368 0.447699 0.777603 -1.784099 -0.396211 -0.701010 1.567971 0.404611 -0.698102 1.564136
-0.398344 0.867057 -1.561593 0.450390 0.768837 -1.794378 -0.396078 -0.697302 1.567641 0.404819 -0.694268 1.563664
-0.398325 0.870199 -1.560797 0.453076 0.759251 -1.804237 -0.395944 -0.693549 1.567274 0.405027 -0.690390 1.563158
-0.398313 0.873357 -1.559983 0.455745 0.748853 -1.813603 -0.395808 -0.689751 1.566867 0.405235 -0.686466 1.562617
-0.398309 0.876531 -1.559151 0.458383 0.737657 -1.822406 -0.395670 -0.685907 1.566418 0.405443 -0.682496 1.562038
-0.398312 0.879722 -1.558303 0.460979 0.725682 -1.830574 -0.395528 -0.682015 1.565925 0.405651 -0.678481 1.561420
-0.398323 0.882929 -1.557440 0.463518 0.712951 -1.838038 -0.395383 -0.678077 1.565384 0.405858 -0.674419 1.560759
-0.398341 0.886154 -1.556565 0.465985 0.699495 -1.844732 -0.395233 -0.674090 1.564794 0.406065 -0.670310 1.560053
-0.398366 0.889396 -1.555678 0.468366 0.685346 -1.850594 -0.395079 -0.670057 1.564152 0.406270 -0.666154 1.559301
-0.398398 0.892654 -1.554781 0.470646 0.670542 -1.855566 -0.394919 -0.665976 1.563455 0.406476 -0.661953 1.558499
-0.398437 0.895930 -1.553875 0.472809 0.655127 -1.859592 -0.394753 -0.661847 1.562703 0.406680 -0.657705 1.557647
-0.398481 0.899222 -1.552962 0.474841 0.639146 -1.862626 -0.394580 -0.657672 1.561892 0.406884 -0.653412 1.556741
-0.398531 0.902529 -1.552043 0.476726 0.622647 -1.864625 -0.394400 -0.653451 1.561022 0.407087 -0.649074 1.555781
-0.398586 0.905853 -1.551119 0.478448 0.605682 -1.865553 -0.394212 -0.649185 1.560089 0.407290 -0.644693 1.554763
-0.398646 0.909191 -1.550191 0.479993 0.588304 -1.865381 -0.394016 -0.644875 1.559094 0.407492 -0.640269 1.553688
-0.398709 0.912543 -1.549260 0.481345 0.570565 -1.864087 -0.393810 -0.640521 1.558035 0.407693 -0.635804 1.552553
-0.398775 0.915908 -1.548328 0.482491 0.552520 -1.861658 -0.393596 -0.636126 1.556910 0.407894 -0.631299 1.551358
-0.398843 0.919285 -1.547394 0.483415 0.534223 -1.858088 -0.393371 -0.631691 1.555720 0.408095 -0.626756 1.550102
-0.398913 0.922673 -1.546461 0.484102 0.515724 -1.853379 -0.393136 -0.627218 1.554464 0.408295 -0.622177 1.548784
-0.398982 0.926072 -1.545528 0.484538 0.497076 -1.847542 -0.392891 -0.622707 1.553142 0.408496 -0.617564 1.547404
-0.399052 0.929480 -1.544595 0.484707 0.478324 -1.840596 -0.392634 -0.618162 1.551755 0.408698 -0.612918 1.545963
-0.399119 0.932897 -1.543664 0.484593 0.459512 -1.832570 -0.392367 -0.613584 1.550304 0.408900 -0.608241 1.544460
-0.399183 0.936321 -1.542734 0.484179 0.440679 -1.823499 -0.392088 -0.608974 1.548789 0.409104 -0.603536 1.542897
-0.399243 0.939753 -1.541804 0.483445 0.421858 -1.813430 -0.391797 -0.604333 1.547214 0.409311 -0.598802 1.541275
-0.399418 0.943187 -1.540871 0.482457 0.403119 -1.802427 -0.391615 -0.599666 1.545579 0.409399 -0.594037 1.539582
-0.401795 0.945954 -1.540031 0.482642 0.385677 -1.790767 -0.393678 -0.595998 1.544601 0.407359 -0.590146 1.538301
-0.404334 0.948892 -1.539171 0.482565 0.368403 -1.778262 -0.396126 -0.600977 1.555962 0.404978 -0.585782 1.536258
-0.406696 0.951878 -1.538294 0.482099 0.351256 -1.764914 -0.398640 -0.606142 1.567370 0.402766 -0.581325 1.534111
-0.408885 0.954911 -1.537400 0.481305 0.334304 -1.750761 -0.401183 -0.611560 1.578864 0.400717 -0.576777 1.531865
-0.410902 0.957991 -1.536484 0.480239 0.317605 -1.735848 -0.403722 -0.617287 1.590475 0.398832 -0.572138 1.529521
-0.412748 0.961115 -1.535543 0.478948 0.301209 -1.720227 -0.406227 -0.623366 1.602225 0.397108 -0.567408 1.527081
-0.414422 0.964282 -1.534572 0.477477 0.285155 -1.703957 -0.408675 -0.629838 1.614133 0.395547 -0.562587 1.524546
-0.415923 0.967491 -1.533567 0.475866 0.269479 -1.687097 -0.411041 -0.636730 1.626207 0.394150 -0.557675 1.521918
-0.417247 0.970740 -1.532523 0.474151 0.254208 -1.669713 -0.413305 -0.644068 1.638451 0.392920 -0.552671 1.519199
-0.418390 0.974028 -1.531434 0.472364 0.239365 -1.651870 -0.415446 -0.651869 1.650861 0.391860 -0.547575 1.516389
-0.419346 0.977354 -1.530295 0.470537 0.224967 -1.633636 -0.417442 -0.660147 1.663425 0.390977 -0.542385 1.513491
-0.420109 0.980715 -1.529100 0.468699 0.211028 -1.615077 -0.419274 -0.668909 1.676128 0.390276 -0.537101 1.510505
-0.420672 0.984112 -1.527845 0.466877 0.197558 -1.596260 -0.420921 -0.678160 1.688947 0.389764 -0.531721 1.507433
-0.421025 0.987541 -1.526522 0.465095 0.184563 -1.577250 -0.422362 -0.687901 1.701853 0.389450 -0.526244 1.504276
-0.421158 0.991004 -1.525127 0.463378 0.172048 -1.558109 -0.423575 -0.698127 1.714814 0.389342 -0.520667 1.501034
-0.421061 0.994498 -1.523653 0.461748 0.160015 -1.538897 -0.424539 -0.708833 1.727791 0.389451 -0.514988 1.497707
-0.420722 0.998023 -1.522092 0.460227 0.148463 -1.519669 -0.425232 -0.720010 1.740743 0.389787 -0.509203 1.494294
-0.420128 1.001577 -1.520439 0.458834 0.137390 -1.500477 -0.425632 -0.731643 1.753624 0.390363 -0.503310 1.490796
-0.419263 1.005160 -1.518686 0.457587 0.126793 -1.481368 -0.425718 -0.743720 1.766386 0.391191 -0.497303 1.487208
-0.418114 1.008770 -1.516824 0.456503 0.116666 -1.462384 -0.425469 -0.756221 1.778977 0.392287 -0.491178 1.483529
-0.416663 1.012407 -1.514846 0.455597 0.107003 -1.443561 -0.424867 -0.769127 1.791344 0.393663 -0.484930 1.479752
-0.414892 1.016069 -1.512741 0.454881 0.097797 -1.424929 -0.423893 -0.782417 1.803433 0.395337 -0.478551 1.475874
-0.412781 1.019755 -1.510500 0.454367 0.089038 -1.406511 -0.422533 -0.796067 1.815187 0.397325 -0.472034 1.471884
-0.410311 1.023462 -1.508112 0.454063 0.080717 -1.388322 -0.420776 -0.810053 1.826550 0.399646 -0.465371 1.467775
-0.407460 1.027189 -1.505564 0.453974 0.072821 -1.370372 -0.418615 -0.824348 1.837465 0.402317 -0.458552 1.463534
-0.404202 1.030931 -1.502843 0.454103 0.065339 -1.352663 -0.416048 -0.838926 1.847875 0.405359 -0.451566 1.459147
-0.400513 1.034687 -1.499934 0.454446 0.058255 -1.335186 -0.413079 -0.853760 1.857725 0.408793 -0.444400 1.454595
-0.396367 1.038451 -1.496818 0.454998 0.051553 -1.317929 -0.409723 -0.868822 1.866957 0.412641 -0.437041 1.449860
-0.391732 1.042219 -1.493478 0.455746 0.045214 -1.300868 -0.406000 -0.884086 1.875518 0.416927 -0.429473 1.444916
-0.386579 1.045983 -1.489892 0.456670 0.039219 -1.283972 -0.401946 -0.899527 1.883353 0.421675 -0.421678 1.439735
-0.380874 1.049736 -1.486034 0.457741 0.033542 -1.267203 -0.397607 -0.915119 1.890407 0.426910 -0.413637 1.434284
-0.374580 1.053468 -1.481877 0.458921 0.028156 -1.250517 -0.393046 -0.930838 1.896627 0.432660 -0.405328 1.428525
-0.367659 1.057168 -1.477390 0.460157 0.023028 -1.233859 -0.388347 -0.946665 1.901958 0.438954 -0.396726 1.422415
-0.360069 1.060822 -1.472536 0.461382 0.018120 -1.217172 -0.383615 -0.962578 1.906342 0.445822 -0.387804 1.415903
-0.351763 1.064414 -1.467274 0.462506 0.013385 -1.200392 -0.378981 -0.978560 1.909719 0.453296 -0.378531 1.408933
-0.342692 1.067925 -1.461558 0.463419 0.008769 -1.183455 -0.374609 -0.994593 1.912025 0.461412 -0.368873 1.401437
-0.331686 1.070345 -1.454309 0.474316 0.018131 -1.199331 -0.370230 -1.012456 1.913228 0.470874 -0.359673 1.394596
-0.324917 1.071782 -1.448772 0.480664 0.024679 -1.208208 -0.365190 -1.025081 1.912971 0.476956 -0.352973 1.389621
-0.320328 1.073409 -1.443598 0.484966 0.031023 -1.214525 -0.357644 -1.037650 1.911382 0.480818 -0.346649 1.385322
-0.315769 1.075078 -1.438451 0.489228 0.037451 -1.219666 -0.349966 -1.049875 1.908594 0.484686 -0.340299 1.381032
-0.311227 1.076740 -1.433274 0.493450 0.043909 -1.224138 -0.342107 -1.061647 1.904659 0.488558 -0.333928 1.376728
-0.306695 1.078367 -1.428036 0.497638 0.050362 -1.228249 -0.334014 -1.072867 1.899636 0.492429 -0.327542 1.372402
-0.302172 1.079941 -1.422723 0.501795 0.056789 -1.232181 -0.325631 -1.083433 1.893589 0.496295 -0.321148 1.368046
-0.297655 1.081451 -1.417326 0.505928 0.063178 -1.236031 -0.316898 -1.093247 1.886596 0.500157 -0.314750 1.363661
-0.290317 1.082230 -1.410878 0.512613 0.069356 -1.239236 -0.308552 -1.104862 1.878922 0.506531 -0.308061 1.358406
-0.279777 1.082086 -1.403120 0.522157 0.075248 -1.241592 -0.300776 -1.118536 1.870647 0.515720 -0.301003 1.352012
-0.265984 1.080832 -1.394091 0.534567 0.080571 -1.242816 -0.293824 -1.134160 1.861786 0.527741 -0.293698 1.344268
-0.261057 1.092982 -1.404676 0.545194 0.086427 -1.243168 -0.286724 -1.146928 1.852024 0.538303 -0.285698 1.336813
-0.256281 1.104047 -1.415280 0.554833 0.092267 -1.243559 -0.279725 -1.157888 1.841434 0.547954 -0.277705 1.329389
-0.251692 1.114237 -1.425959 0.563566 0.098125 -1.244075 -0.272909 -1.167225 1.830056 0.556759 -0.269748 1.322089
-0.247324 1.123720 -1.436772 0.571458 0.104023 -1.244761 -0.266347 -1.175095 1.817943 0.564775 -0.261846 1.314967
-0.243208 1.132628 -1.447770 0.578561 0.109974 -1.245642 -0.260100 -1.181631 1.805157 0.572051 -0.254006 1.308056
-0.239372 1.141064 -1.459005 0.584923 0.115987 -1.246731 -0.254219 -1.186950 1.791769 0.578629 -0.246234 1.301376
-0.235839 1.149106 -1.470517 0.590581 0.122069 -1.248034 -0.248745 -1.191152 1.777852 0.584545 -0.238532 1.294936
-0.232632 1.156812 -1.482343 0.595571 0.128223 -1.249553 -0.243712 -1.194329 1.763485 0.589830 -0.230903 1.288742
-0.229771 1.164224 -1.494513 0.599923 0.134452 -1.251292 -0.239144 -1.196560 1.748748 0.594512 -0.223346 1.282797
-0.227275 1.171367 -1.507045 0.603664 0.140759 -1.253252 -0.235061 -1.197922 1.733720 0.598615 -0.215861 1.277102
-0.225160 1.178255 -1.519953 0.606818 0.147143 -1.255436 -0.231475 -1.198484 1.718480 0.602160 -0.208451 1.271658
-0.223442 1.184891 -1.533241 0.609407 0.153607 -1.257845 -0.228394 -1.198311 1.703106 0.605164 -0.201114 1.266465
-0.222135 1.191270 -1.546906 0.611447 0.160151 -1.260484 -0.225822 -1.197463 1.687671 0.607640 -0.193852 1.261523
-0.221255 1.197377 -1.560938 0.612955 0.166775 -1.263355 -0.223757 -1.196000 1.672246 0.609601 -0.186665 1.256830
-0.220815 1.203190 -1.575317 0.613942 0.173480 -1.266461 -0.222197 -1.193975 1.656898 0.611054 -0.179554 1.252386
-0.220828 1.208681 -1.590019 0.614418 0.180266 -1.269806 -0.221135 -1.191441 1.641689 0.612005 -0.172520 1.248189
-0.221307 1.213818 -1.605010 0.614389 0.187131 -1.273391 -0.220565 -1.188444 1.626676 0.612455 -0.165564 1.244238
-0.222264 1.218561 -1.620253 0.613858 0.194077 -1.277219 -0.220477 -1.185031 1.611909 0.612403 -0.158686 1.240530
-0.223712 1.222867 -1.635701 0.612825 0.201102 -1.281291 -0.220861 -1.181241 1.597436 0.611846 -0.151886 1.237062
-0.225659 1.226689 -1.651305 0.611289 0.208204 -1.285610 -0.221707 -1.177111 1.583295 0.610777 -0.145164 1.233831
-0.228116 1.229974 -1.667007 0.609244 0.215384 -1.290174 -0.223002 -1.172671 1.569518 0.609185 -0.138521 1.230832
-0.231090 1.232669 -1.682747 0.606680 0.222639 -1.294984 -0.224736 -1.167946 1.556132 0.607057 -0.131956 1.228059
-0.234585 1.234714 -1.698459 0.603586 0.229968 -1.300037 -0.226894 -1.162954 1.543154 0.604378 -0.125468 1.225508
-0.238605 1.236046 -1.714073 0.599946 0.237368 -1.305330 -0.229466 -1.157707 1.530597 0.601127 -0.119055 1.223170
-0.243150 1.236599 -1.729517 0.595741 0.244837 -1.310859 -0.232437 -1.152204 1.518464 0.597281 -0.112715 1.221036
-0.248216 1.236300 -1.744714 0.590949 0.252373 -1.316616 -0.235794 -1.146438 1.506752 0.592814 -0.106446 1.219096
-0.253794 1.235071 -1.759588 0.585543 0.259971 -1.322593 -0.239520 -1.140387 1.495447 0.587695 -0.100243 1.217335
-0.259872 1.232829 -1.774061 0.579494 0.267627 -1.328778 -0.243600 -1.134016 1.484533 0.581890 -0.094102 1.215740
-0.266432 1.229480 -1.788054 0.572766 0.275337 -1.335156 -0.248017 -1.127273 1.473982 0.575362 -0.088017 1.214290
-0.273451 1.224921 -1.801493 0.565322 0.283093 -1.341708 -0.252749 -1.120085 1.463762 0.568067 -0.081980 1.212964
-0.280899 1.219034 -1.814305 0.557117 0.290890 -1.348411 -0.257777 -1.112357 1.453835 0.559959 -0.075984 1.211736
-0.288741 1.211686 -1.826423 0.548105 0.298717 -1.355236 -0.263075 -1.103962 1.444159 0.550987 -0.070019 1.210574
-0.296934 1.202721 -1.837787 0.538233 0.306564 -1.362149 -0.268619 -1.094742 1.434689 0.541096 -0.064073 1.209442
-0.305430 1.191960 -1.848350 0.527443 0.314418 -1.369110 -0.274383 -1.084492 1.425380 0.530225 -0.058133 1.208298
-0.314173 1.179188 -1.858075 0.515674 0.322262 -1.376069 -0.280340 -1.072959 1.416191 0.518309 -0.052184 1.207092
-0.323088 1.163401 -1.866909 0.502473 0.329788 -1.383292 -0.295329 -1.073821 1.417652 0.504737 -0.046454 1.205206
-0.332362 1.149524 -1.875128 0.491982 0.336912 -1.389144 -0.307100 -1.073592 1.421431 0.493865 -0.040254 1.201897
-0.341793 1.137662 -1.882729 0.484227 0.343608 -1.393990 -0.315773 -1.072563 1.426192 0.485744 -0.033876 1.197637
-0.351325 1.127876 -1.889670 0.479237 0.349977 -1.398067 -0.321407 -1.070864 1.431179 0.480415 -0.027366 1.192668
-0.360487 1.117348 -1.895703 0.474381 0.356342 -1.402200 -0.326944 -1.069146 1.436787 0.475201 -0.020870 1.187640
-0.369304 1.106051 -1.900750 0.469531 0.362703 -1.406353 -0.332500 -1.067386 1.442622 0.469975 -0.014366 1.182523
-0.377819 1.094084 -1.904750 0.464678 0.369053 -1.410482 -0.338069 -1.065562 1.448435 0.464727 -0.007837 1.177285
-0.386070 1.081543 -1.907653 0.459818 0.375385 -1.414561 -0.343645 -1.063662 1.454094 0.459454 -0.001274 1.171904
-0.394092 1.068532 -1.909417 0.454948 0.381695 -1.418579 -0.349224 -1.061684 1.459541 0.454151 0.005327 1.166370
-0.401433 1.055218 -1.909952 0.449436 0.387888 -1.422635 -0.355417 -1.059748 1.464696 0.448221 0.011819 1.160726
-0.406535 1.038517 -1.909182 0.440202 0.396421 -1.428487 -0.365736 -1.056911 1.471114 0.437898 0.021006 1.151730
-0.412179 1.022547 -1.907299 0.432206 0.405354 -1.434715 -0.374470 -1.053050 1.476187 0.436016 0.017145 1.167053
-0.417913 1.006542 -1.904369 0.424750 0.413956 -1.440466 -0.382539 -1.049102 1.480761 0.433893 0.013253 1.182326
-0.423618 0.990530 -1.900450 0.417806 0.422267 -1.445836 -0.389997 -1.045109 1.484930 0.431620 0.009262 1.197595
-0.429201 0.974538 -1.895596 0.411346 0.430320 -1.450892 -0.396892 -1.041097 1.488762 0.429271 0.005116 1.212910
-0.434590 0.958597 -1.889861 0.405340 0.438141 -1.455685 -0.403267 -1.037077 1.492309 0.426900 0.000766 1.228313
-0.439729 0.942735 -1.883296 0.399757 0.445754 -1.460252 -0.409163 -1.033058 1.495605 0.424545 -0.003826 1.243845
-0.444580 0.926988 -1.875955 0.394568 0.453178 -1.464622 -0.414616 -1.029040 1.498680 0.422235 -0.008692 1.259542
-0.449115 0.911388 -1.867889 0.389744 0.460432 -1.468817 -0.419660 -1.025024 1.501554 0.419987 -0.013860 1.275431
-0.453320 0.895970 -1.859153 0.385256 0.467530 -1.472857 -0.424329 -1.021011 1.504247 0.417811 -0.019354 1.291537
-0.457186 0.880769 -1.849800 0.381078 0.474487 -1.476757 -0.428652 -1.016997 1.506772 0.415709 -0.025192 1.307873
-0.460715 0.865821 -1.839886 0.377182 0.481317 -1.480530 -0.432659 -1.012983 1.509143 0.413680 -0.031391 1.324451
-0.463912 0.851160 -1.829465 0.373545 0.488031 -1.484187 -0.436377 -1.008965 1.511372 0.411717 -0.037967 1.341270
-0.466789 0.836820 -1.818593 0.370140 0.494639 -1.487737 -0.439834 -1.004942 1.513469 0.409811 -0.044932 1.358328
-0.469362 0.822833 -1.807325 0.366944 0.501153 -1.491186 -0.443055 -1.000913 1.515443 0.407949 -0.052296 1.375611
-0.471650 0.809230 -1.795715 0.363933 0.507581 -1.494542 -0.446065 -0.996874 1.517303 0.406116 -0.060068 1.393104
-0.473675 0.796038 -1.783817 0.361085 0.513931 -1.497809 -0.448889 -0.992824 1.519056 0.404294 -0.068256 1.410781
-0.475459 0.783284 -1.771681 0.358376 0.520212 -1.500991 -0.451550 -0.988760 1.520710 0.402467 -0.076866 1.428615
-0.477027 0.770991 -1.759358 0.355786 0.526431 -1.504088 -0.454070 -0.984680 1.522270 0.400615 -0.085904 1.446570
-0.478404 0.759180 -1.746894 0.353291 0.532594 -1.507105 -0.456472 -0.980580 1.523742 0.398718 -0.095372 1.464607
-0.479615 0.747868 -1.734331 0.350871 0.538708 -1.510040 -0.458778 -0.976458 1.525131 0.396757 -0.105274 1.482682
-0.480686 0.737069 -1.721708 0.348505 0.544779 -1.512894 -0.461009 -0.972311 1.526441 0.394712 -0.115612 1.500748
-0.481641 0.726794 -1.709061 0.346172 0.550812 -1.515666 -0.463186 -0.968133 1.527677 0.392563 -0.126384 1.518754
-0.482502 0.717048 -1.696418 0.343851 0.556813 -1.518356 -0.465329 -0.963923 1.528840 0.390292 -0.137590 1.536645
-0.483291 0.707835 -1.683804 0.341522 0.562786 -1.520962 -0.467458 -0.959674 1.529935 0.387881 -0.149227 1.554367
-0.484029 0.699152 -1.671236 0.339165 0.568737 -1.523482 -0.469594 -0.955383 1.530961 0.385313 -0.161292 1.571860
-0.484731 0.690991 -1.658728 0.336758 0.574669 -1.525915 -0.471755 -0.951045 1.531921 0.382573 -0.173779 1.589066
-0.485415 0.683340 -1.646284 0.334284 0.580589 -1.528257 -0.473962 -0.946654 1.532814 0.379648 -0.186682 1.605924
-0.486089 0.676180 -1.633903 0.331720 0.586500 -1.530508 -0.476234 -0.942204 1.533641 0.376527 -0.199992 1.622374
-0.486764 0.669484 -1.621579 0.329046 0.592407 -1.532663 -0.478590 -0.937688 1.534399 0.373201 -0.213700 1.638357
-0.487441 0.663218 -1.609297 0.326244 0.598314 -1.534722 -0.481050 -0.933100 1.535087 0.369665 -0.227794 1.653813
-0.488121 0.657338 -1.597037 0.323291 0.604227 -1.536680 -0.483633 -0.928431 1.535702 0.365915 -0.242263 1.668685
-0.488794 0.651790 -1.584773 0.320167 0.610150 -1.538535 -0.486359 -0.923673 1.536239 0.361953 -0.257094 1.682916
-0.489446 0.646504 -1.572475 0.316852 0.616088 -1.540285 -0.489247 -0.918816 1.536694 0.357784 -0.272272 1.696454
-0.490053 0.641397 -1.560108 0.313323 0.622047 -1.541925 -0.492318 -0.913849 1.537059 0.353419 -0.287784 1.709246
-0.490582 0.636369 -1.547637 0.309559 0.628031 -1.543452 -0.495591 -0.908761 1.537328 0.348872 -0.303614 1.721244
-0.494953 0.641937 -1.555752 0.304794 0.633601 -1.543708 -0.499608 -0.903562 1.537573 0.344374 -0.319928 1.732442
-0.498559 0.647259 -1.560115 0.300904 0.638917 -1.544054 -0.502811 -0.898685 1.537868 0.339173 -0.336021 1.742628
-0.502147 0.652589 -1.562223 0.297060 0.644207 -1.544410 -0.505979 -0.893800 1.538098 0.333689 -0.352248 1.751851
-0.505708 0.657890 -1.562994 0.293241 0.649464 -1.544729 -0.509124 -0.888904 1.538275 0.327913 -0.368560 1.760084
-0.509240 0.663137 -1.563008 0.289435 0.654679 -1.544981 -0.512251 -0.883995 1.538405 0.321830 -0.384903 1.767308
-0.512743 0.668319 -1.562624 0.285635 0.659850 -1.545148 -0.515363 -0.879074 1.538495 0.315420 -0.401218 1.773513
-0.516222 0.673434 -1.562058 0.281839 0.664970 -1.545220 -0.518463 -0.874142 1.538546 0.308657 -0.417440 1.778701
-0.519680 0.678483 -1.561428 0.278044 0.670036 -1.545192 -0.521550 -0.869203 1.538559 0.301508 -0.433498 1.782885
-0.524383 0.683338 -1.560438 0.272849 0.674827 -1.544547 -0.525900 -0.863984 1.538091 0.294648 -0.449867 1.786213
-0.531630 0.687830 -1.558684 0.264792 0.679076 -1.542693 -0.532820 -0.858177 1.536608 0.288842 -0.467105 1.788833
-0.541433 0.691856 -1.556058 0.253838 0.682677 -1.539537 -0.542310 -0.851726 1.533902 0.284292 -0.485195 1.790733
-0.550157 0.695585 -1.552792 0.250396 0.689539 -1.547735 -0.550814 -0.845390 1.531486 0.279275 -0.502363 1.791522
-0.558099 0.699292 -1.549616 0.246892 0.695737 -1.555932 -0.558559 -0.839121 1.529155 0.274088 -0.518836 1.791237
-0.565321 0.703008 -1.546574 0.243400 0.701295 -1.564194 -0.565607 -0.832947 1.526965 0.268833 -0.534637 1.789894
-0.571875 0.706753 -1.543686 0.239985 0.706230 -1.572571 -0.572008 -0.826881 1.524951 0.263597 -0.549776 1.787524
-0.577804 0.710538 -1.540960 0.236698 0.710553 -1.581109 -0.577805 -0.820931 1.523127 0.258455 -0.564254 1.784170
-0.583146 0.714370 -1.538396 0.233585 0.714269 -1.589840 -0.583035 -0.815099 1.521503 0.253472 -0.578065 1.779883
-0.587932 0.718253 -1.535991 0.230681 0.717377 -1.598789 -0.587731 -0.809383 1.520081 0.248701 -0.591200 1.774724
-0.592192 0.722190 -1.533742 0.228020 0.719874 -1.607970 -0.591920 -0.803782 1.518861 0.244190 -0.603647 1.768759
-0.595951 0.726184 -1.531649 0.225626 0.721754 -1.617388 -0.595626 -0.798292 1.517841 0.239975 -0.615394 1.762060
-0.599231 0.730237 -1.529709 0.223523 0.723005 -1.627042 -0.598872 -0.792912 1.517018 0.236088 -0.626428 1.754702
-0.602054 0.734351 -1.527922 0.221730 0.723617 -1.636921 -0.601676 -0.787637 1.516390 0.232553 -0.636740 1.746761
-0.604437 0.738529 -1.526289 0.220264 0.723576 -1.647005 -0.604054 -0.782465 1.515951 0.229389 -0.646321 1.738317
-0.606395 0.742774 -1.524811 0.219140 0.722867 -1.657268 -0.606020 -0.777391 1.515701 0.226611 -0.655166 1.729448
-0.607942 0.747088 -1.523491 0.218371 0.721474 -1.667676 -0.607584 -0.772413 1.515634 0.224226 -0.663272 1.720233
-0.609088 0.751474 -1.522332 0.217968 0.719382 -1.678189 -0.608755 -0.767527 1.515748 0.222242 -0.670638 1.710746
-0.609842 0.755936 -1.521336 0.217942 0.716575 -1.688761 -0.609538 -0.762730 1.516040 0.220661 -0.677269 1.701063
-0.610210 0.760477 -1.520506 0.218302 0.713039 -1.699340 -0.609938 -0.758018 1.516505 0.219481 -0.683170 1.691254
-0.610196 0.765099 -1.519847 0.219054 0.708759 -1.709867 -0.609956 -0.753388 1.517140 0.218701 -0.688349 1.681385
-0.609801 0.769808 -1.519360 0.220204 0.703724 -1.720280 -0.609590 -0.748838 1.517943 0.218313 -0.692816 1.671521
-0.609024 0.774605 -1.519049 0.221756 0.697924 -1.730512 -0.608837 -0.744362 1.518909 0.218313 -0.696583 1.661719
-0.607861 0.779493 -1.518918 0.223710 0.691353 -1.740493 -0.607690 -0.739959 1.520036 0.218690 -0.699663 1.652031
-0.606307 0.784478 -1.518968 0.226065 0.684004 -1.750150 -0.606142 -0.735624 1.521318 0.219433 -0.702068 1.642504
-0.604354 0.789560 -1.519203 0.228818 0.675876 -1.759407 -0.604181 -0.731354 1.522753 0.220531 -0.703813 1.633178
-0.601989 0.794742 -1.519625 0.231960 0.666969 -1.768186 -0.601794 -0.727146 1.524336 0.221969 -0.704909 1.624088
-0.599200 0.800028 -1.520233 0.235479 0.657287 -1.776410 -0.598966 -0.722996 1.526063 0.223732 -0.705368 1.615261
-0.595970 0.805419 -1.521030 0.239359 0.646835 -1.784002 -0.595676 -0.718900 1.527928 0.225800 -0.705197 1.606716
-0.592278 0.810917 -1.522014 0.243579 0.635621 -1.790885 -0.591905 -0.714854 1.529927 0.228153 -0.704404 1.598466
-0.588102 0.816522 -1.523184 0.248112 0.623653 -1.796986 -0.587627 -0.710854 1.532052 0.230766 -0.702991 1.590516
-0.583417 0.822233 -1.524535 0.252924 0.610939 -1.802234 -0.582816 -0.706893 1.534296 0.233608 -0.700956 1.582862
-0.578193 0.828052 -1.526062 0.257974 0.597487 -1.806565 -0.577441 -0.702967 1.536651 0.236645 -0.698294 1.575494
-0.572396 0.833974 -1.527757 0.263213 0.583300 -1.809919 -0.571468 -0.699069 1.539105 0.239835 -0.694989 1.568392
-0.565990 0.839996 -1.529611 0.268583 0.568379 -1.812246 -0.564861 -0.695192 1.541648 0.243128 -0.691023 1.561529
-0.558933 0.846114 -1.531608 0.274016 0.552716 -1.813505 -0.557577 -0.691328 1.544263 0.246461 -0.686366 1.554871
-0.551181 0.852320 -1.533733 0.279429 0.536291 -1.813667 -0.549573 -0.687467 1.546935 0.249761 -0.680977 1.548377
-0.542683 0.858604 -1.535963 0.284730 0.519072 -1.812717 -0.540798 -0.683598 1.549644 0.252939 -0.674802 1.541998
-0.533292 0.865034 -1.538341 0.289699 0.500844 -1.810631 -0.531157 -0.679569 1.552154 0.263870 -0.671130 1.537721
-0.526422 0.870779 -1.539515 0.295663 0.483616 -1.807788 -0.523982 -0.674996 1.553398 0.271801 -0.666760 1.535677
-0.522107 0.875928 -1.539752 0.302422 0.467402 -1.804205 -0.519316 -0.670043 1.553617 0.276873 -0.661873 1.534632
-0.519007 0.880840 -1.539628 0.309324 0.451511 -1.799734 -0.515838 -0.664924 1.553375 0.280637 -0.656755 1.534316
-0.515917 0.885773 -1.539538 0.315855 0.435399 -1.794235 -0.512354 -0.659769 1.553058 0.284425 -0.651599 1.534611
-0.512825 0.890710 -1.539444 0.322048 0.419137 -1.787697 -0.508859 -0.654569 1.552651 0.288230 -0.646392 1.535113
-0.509725 0.895639 -1.539321 0.327925 0.402793 -1.780124 -0.505350 -0.649320 1.552148 0.292044 -0.641127 1.535589
-0.506616 0.900554 -1.539157 0.333508 0.386426 -1.771527 -0.501825 -0.644021 1.551544 0.295860 -0.635807 1.535916
-0.503494 0.905451 -1.538945 0.338809 0.370093 -1.761927 -0.498283 -0.638670 1.550837 0.299677 -0.630435 1.536040
-0.500358 0.910327 -1.538682 0.343838 0.353845 -1.751354 -0.494723 -0.633268 1.550027 0.303493 -0.625013 1.535945
-0.496365 0.915565 -1.538556 0.348198 0.337236 -1.739747 -0.490268 -0.627520 1.549071 0.308206 -0.619303 1.535693
-0.493024 0.920698 -1.538271 0.352579 0.321104 -1.727331 -0.490177 -0.632382 1.561656 0.312066 -0.613212 1.534366
-0.489893 0.925700 -1.537879 0.356778 0.305261 -1.714115 -0.489950 -0.637223 1.574229 0.315671 -0.607152 1.532834
-0.486954 0.930586 -1.537392 0.360780 0.289721 -1.700151 -0.489633 -0.642166 1.586805 0.319048 -0.601120 1.531121
-0.484185 0.935368 -1.536820 0.364576 0.274497 -1.685494 -0.489259 -0.647308 1.599403 0.322219 -0.595109 1.529250
-0.481568 0.940058 -1.536169 0.368161 0.259603 -1.670200 -0.488851 -0.652729 1.612041 0.325205 -0.589113 1.527237
-0.479084 0.944664 -1.535444 0.371535 0.245052 -1.654329 -0.488421 -0.658495 1.624731 0.328031 -0.583128 1.525096
-0.476711 0.949196 -1.534648 0.374702 0.230856 -1.637941 -0.487977 -0.664655 1.637484 0.330716 -0.577146 1.522838
-0.474431 0.953659 -1.533783 0.377668 0.217027 -1.621097 -0.487516 -0.671251 1.650307 0.333282 -0.571163 1.520470
-0.472225 0.958061 -1.532850 0.380443 0.203576 -1.603859 -0.487034 -0.678314 1.663198 0.335750 -0.565174 1.518000
-0.470072 0.962408 -1.531850 0.383038 0.190512 -1.586291 -0.486520 -0.685866 1.676154 0.338140 -0.559173 1.515433
-0.467952 0.966706 -1.530781 0.385468 0.177843 -1.568453 -0.485961 -0.693924 1.689162 0.340473 -0.553155 1.512774
-0.465847 0.970960 -1.529642 0.387750 0.165577 -1.550407 -0.485339 -0.702498 1.702207 0.342770 -0.547117 1.510026
-0.463736 0.975173 -1.528433 0.389898 0.153719 -1.532212 -0.484635 -0.711592 1.715266 0.345050 -0.541052 1.507193
-0.461599 0.979352 -1.527150 0.391934 0.142273 -1.513926 -0.483827 -0.721207 1.728312 0.347336 -0.534956 1.504277
-0.459416 0.983500 -1.525791 0.393874 0.131242 -1.495603 -0.482893 -0.731337 1.741311 0.349646 -0.528824 1.501280
-0.457165 0.987620 -1.524353 0.395741 0.120628 -1.477296 -0.481807 -0.741975 1.754228 0.352003 -0.522650 1.498203
-0.454826 0.991717 -1.522830 0.397552 0.110433 -1.459052 -0.480545 -0.753109 1.767021 0.354427 -0.516429 1.495047
-0.452378 0.995793 -1.521220 0.399329 0.100654 -1.440916 -0.479082 -0.764724 1.779645 0.356939 -0.510154 1.491812
-0.449799 0.999852 -1.519516 0.401091 0.091292 -1.422927 -0.477393 -0.776800 1.792053 0.359561 -0.503819 1.488496
-0.447065 1.003895 -1.517713 0.402858 0.082341 -1.405118 -0.475453 -0.789317 1.804194 0.362315 -0.497417 1.485098
-0.444154 1.007927 -1.515804 0.404647 0.073800 -1.387518 -0.473240 -0.802250 1.816017 0.365224 -0.490941 1.481615
-0.441042 1.011947 -1.513782 0.406476 0.065662 -1.370151 -0.470732 -0.815575 1.827467 0.368309 -0.484381 1.478042
-0.437704 1.015960 -1.511638 0.408361 0.057920 -1.353031 -0.467913 -0.829261 1.838490 0.371595 -0.477730 1.474372
-0.434115 1.019964 -1.509364 0.410315 0.050566 -1.336168 -0.464767 -0.843281 1.849031 0.375104 -0.470976 1.470598
-0.430249 1.023962 -1.506949 0.412349 0.043592 -1.319564 -0.461284 -0.857601 1.859035 0.378861 -0.464109 1.466709
-0.426078 1.027954 -1.504381 0.414471 0.036985 -1.303214 -0.457460 -0.872190 1.868447 0.382891 -0.457117 1.462694
-0.421573 1.031939 -1.501648 0.416687 0.030733 -1.287105 -0.453296 -0.887014 1.877212 0.387219 -0.449986 1.458537
-0.416704 1.035915 -1.498734 0.418997 0.024821 -1.271215 -0.448802 -0.902041 1.885278 0.391871 -0.442703 1.454221
-0.411439 1.039882 -1.495624 0.421395 0.019232 -1.255517 -0.443997 -0.917237 1.892592 0.396875 -0.435250 1.449724
-0.405745 1.043835 -1.492297 0.423872 0.013947 -1.239972 -0.438910 -0.932571 1.899103 0.402259 -0.427610 1.445022
-0.399588 1.047770 -1.488733 0.426406 0.008942 -1.224538 -0.433584 -0.948010 1.904760 0.408050 -0.419763 1.440084
-0.392929 1.051682 -1.484908 0.428971 0.004191 -1.209162 -0.428077 -0.963526 1.909512 0.414280 -0.411687 1.434879
-0.385729 1.055563 -1.480794 0.431524 -0.000336 -1.193785 -0.422463 -0.979090 1.913308 0.420980 -0.403358 1.429366
-0.377945 1.059403 -1.476359 0.434010 -0.004676 -1.178343 -0.416838 -0.994679 1.916095 0.428183 -0.394750 1.423501
-0.369531 1.063191 -1.471568 0.436357 -0.008870 -1.162766 -0.411325 -1.010267 1.917820 0.435924 -0.385832 1.417232
-0.359366 1.065870 -1.465574 0.446438 -0.000079 -1.178527 -0.406479 -1.026635 1.918428 0.445046 -0.377609 1.411807
-0.353359 1.067644 -1.460781 0.452237 0.006207 -1.187456 -0.398984 -1.039753 1.917691 0.450358 -0.371468 1.407789
-0.347948 1.069573 -1.455949 0.457469 0.012749 -1.194344 -0.390775 -1.052648 1.915719 0.455089 -0.365179 1.403801
-0.342565 1.071508 -1.451095 0.462653 0.019361 -1.200005 -0.382311 -1.065114 1.912596 0.459811 -0.358848 1.399770
-0.337198 1.073412 -1.446177 0.467788 0.025992 -1.204957 -0.373551 -1.077053 1.908365 0.464525 -0.352489 1.395693
-0.331843 1.075260 -1.441173 0.472878 0.032608 -1.209516 -0.364449 -1.088372 1.903081 0.469228 -0.346108 1.391567
-0.326497 1.077041 -1.436072 0.477929 0.039190 -1.213869 -0.354953 -1.098976 1.896807 0.473919 -0.339714 1.387393
-0.320676 1.078651 -1.430733 0.483394 0.045705 -1.218038 -0.345158 -1.109214 1.889646 0.479037 -0.333272 1.383059
-0.311802 1.079550 -1.424365 0.491648 0.052029 -1.221614 -0.335797 -1.121379 1.881837 0.486916 -0.326552 1.377912
-0.299830 1.079603 -1.416793 0.502679 0.058093 -1.224430 -0.326997 -1.135400 1.873426 0.497544 -0.319502 1.371743
-0.284698 1.078605 -1.408053 0.516506 0.063594 -1.226177 -0.319027 -1.151155 1.864419 0.510944 -0.312248 1.364315
-0.279042 1.090953 -1.418587 0.528439 0.069572 -1.226916 -0.310885 -1.163949 1.854506 0.522761 -0.304277 1.357055
-0.273535 1.102121 -1.429131 0.539279 0.075515 -1.227620 -0.302835 -1.174835 1.843755 0.533564 -0.296288 1.349756
-0.268224 1.112339 -1.439739 0.549118 0.081460 -1.228393 -0.294968 -1.184017 1.832203 0.543427 -0.288317 1.342527
-0.263147 1.121790 -1.450468 0.558029 0.087433 -1.229296 -0.287365 -1.191668 1.819902 0.552417 -0.280388 1.335438
-0.258341 1.130619 -1.461369 0.566072 0.093449 -1.230362 -0.280094 -1.197937 1.806914 0.560587 -0.272512 1.328529
-0.253836 1.138937 -1.472493 0.573299 0.099521 -1.231610 -0.273210 -1.202950 1.793311 0.567986 -0.264698 1.321827
-0.249660 1.146829 -1.483883 0.579755 0.105653 -1.233052 -0.266762 -1.206818 1.779168 0.574655 -0.256948 1.315347
-0.245839 1.154360 -1.495575 0.585479 0.111853 -1.234695 -0.260786 -1.209639 1.764564 0.580631 -0.249267 1.309098
-0.242392 1.161574 -1.507599 0.590506 0.118123 -1.236544 -0.255311 -1.211501 1.749580 0.585945 -0.241656 1.303087
-0.239341 1.168501 -1.519976 0.594868 0.124466 -1.238606 -0.250359 -1.212484 1.734298 0.590627 -0.234117 1.297319
-0.236702 1.175158 -1.532720 0.598592 0.130885 -1.240884 -0.245943 -1.212662 1.718797 0.594699 -0.226650 1.291796
-0.234491 1.181548 -1.545836 0.601702 0.137380 -1.243385 -0.242075 -1.212103 1.703157 0.598183 -0.219258 1.286521
-0.232723 1.187669 -1.559322 0.604220 0.143954 -1.246112 -0.238756 -1.210873 1.687453 0.601095 -0.211942 1.281496
-0.231412 1.193506 -1.573167 0.606164 0.150607 -1.249071 -0.235987 -1.209032 1.671756 0.603451 -0.204703 1.276722
-0.230572 1.199040 -1.587353 0.607548 0.157339 -1.252267 -0.233766 -1.206637 1.656134 0.605259 -0.197542 1.272198
-0.230214 1.204242 -1.601856 0.608384 0.164152 -1.255703 -0.232085 -1.203740 1.640650 0.606529 -0.190460 1.267926
-0.230352 1.209081 -1.616643 0.608681 0.171045 -1.259384 -0.230937 -1.200392 1.625362 0.607263 -0.183459 1.263903
-0.230996 1.213518 -1.631675 0.608444 0.178018 -1.263312 -0.230312 -1.196639 1.610322 0.607463 -0.176539 1.260129
-0.232157 1.217510 -1.646908 0.607676 0.185070 -1.267489 -0.230198 -1.192522 1.595575 0.607126 -0.169701 1.256601
-0.233844 1.221011 -1.662289 0.606374 0.192201 -1.271918 -0.230583 -1.188078 1.581161 0.606246 -0.162945 1.253316
-0.236065 1.223970 -1.677763 0.604535 0.199409 -1.276598 -0.231456 -1.183337 1.567112 0.604816 -0.156270 1.250270
-0.238826 1.226333 -1.693267 0.602151 0.206693 -1.281530 -0.232801 -1.178325 1.553454 0.602822 -0.149677 1.247458
-0.242131 1.228040 -1.708737 0.599211 0.214051 -1.286710 -0.234606 -1.173061 1.540206 0.600249 -0.143164 1.244873
-0.245980 1.229030 -1.724100 0.595700 0.221481 -1.292137 -0.236856 -1.167553 1.527379 0.597077 -0.136730 1.242507
-0.250373 1.229236 -1.739284 0.591600 0.228980 -1.297804 -0.239536 -1.161802 1.514974 0.593285 -0.130372 1.240352
-0.255303 1.228587 -1.754213 0.586889 0.236545 -1.303704 -0.242629 -1.155800 1.502989 0.588845 -0.124087 1.238395
-0.260759 1.227006 -1.768807 0.581540 0.244172 -1.309827 -0.246120 -1.149522 1.491410 0.583728 -0.117870 1.236622
-0.266727 1.224409 -1.782990 0.575524 0.251857 -1.316161 -0.249990 -1.142932 1.480219 0.577899 -0.111718 1.235017
-0.273187 1.220703 -1.796682 0.568806 0.259594 -1.322690 -0.254219 -1.135974 1.469388 0.571320 -0.105624 1.233561
-0.280111 1.215784 -1.809806 0.561347 0.267377 -1.329393 -0.258786 -1.128574 1.458884 0.563947 -0.099579 1.232228
-0.287469 1.209535 -1.822291 0.553103 0.275198 -1.336246 -0.263667 -1.120631 1.448669 0.555735 -0.093577 1.230993
-0.295219 1.201823 -1.834069 0.544027 0.283047 -1.343218 -0.268838 -1.112014 1.438701 0.546630 -0.087605 1.229821
-0.303316 1.192490 -1.845081 0.534066 0.290912 -1.350273 -0.274272 -1.102555 1.428934 0.536577 -0.081652 1.228674
-0.311708 1.181355 -1.855278 0.523160 0.298779 -1.357369 -0.279940 -1.092044 1.419325 0.525515 -0.075705 1.227507
-0.320335 1.168201 -1.864626 0.511248 0.306633 -1.364453 -0.285817 -1.080214 1.409834 0.513377 -0.069749 1.226268
-0.329100 1.152012 -1.873070 0.497862 0.314121 -1.371780 -0.301006 -1.081121 1.411240 0.499534 -0.064048 1.224336
-0.338293 1.137686 -1.880896 0.487183 0.321246 -1.377758 -0.312981 -1.080944 1.415028 0.488399 -0.057856 1.221009
-0.347696 1.125331 -1.888103 0.479235 0.327958 -1.382752 -0.321866 -1.079977 1.419830 0.480020 -0.051492 1.216763
-0.357240 1.115011 -1.894654 0.474045 0.334361 -1.387003 -0.327720 -1.078357 1.424897 0.474436 -0.045004 1.211848
-0.366456 1.104275 -1.900320 0.469291 0.340729 -1.391232 -0.333144 -1.076652 1.430485 0.469277 -0.038516 1.206819
-0.375295 1.092776 -1.905004 0.464543 0.347097 -1.395490 -0.338590 -1.074913 1.436308 0.464107 -0.032024 1.201713
-0.383805 1.080612 -1.908643 0.459793 0.353455 -1.399729 -0.344048 -1.073111 1.442114 0.458917 -0.025509 1.196491
-0.392027 1.067884 -1.911189 0.455035 0.359796 -1.403921 -0.349513 -1.071236 1.447770 0.453701 -0.018963 1.191132
-0.400001 1.054693 -1.912597 0.450266 0.366117 -1.408054 -0.354982 -1.069284 1.453214 0.448457 -0.012381 1.185624
-0.407295 1.041205 -1.912783 0.444886 0.372324 -1.412216 -0.361038 -1.067363 1.458362 0.442609 -0.005898 1.179996
-0.412227 1.024432 -1.911661 0.435772 0.380823 -1.418163 -0.371211 -1.064563 1.464740 0.432365 0.003224 1.171080
-0.417723 1.008362 -1.909433 0.427888 0.389713 -1.424495 -0.379826 -1.060775 1.469827 0.430472 -0.000665 1.186230
-0.423306 0.992263 -1.906163 0.420539 0.398277 -1.430358 -0.387783 -1.056902 1.474423 0.428349 -0.004572 1.201329
-0.428858 0.976163 -1.901909 0.413699 0.406556 -1.435845 -0.395135 -1.052986 1.478619 0.426084 -0.008569 1.216427
-0.434286 0.960091 -1.896725 0.407338 0.414580 -1.441024 -0.401930 -1.049051 1.482485 0.423749 -0.012715 1.231571
-0.439519 0.944074 -1.890666 0.401426 0.422376 -1.445943 -0.408212 -1.045110 1.486069 0.421396 -0.017062 1.246805
-0.444502 0.928145 -1.883784 0.395934 0.429967 -1.450640 -0.414019 -1.041170 1.489407 0.419061 -0.021651 1.262170
-0.449197 0.912337 -1.876131 0.390833 0.437372 -1.455142 -0.419389 -1.037232 1.492527 0.416772 -0.026515 1.277701
-0.453579 0.896682 -1.867762 0.386092 0.444609 -1.459473 -0.424355 -1.033298 1.495451 0.414544 -0.031684 1.293427
-0.457631 0.881216 -1.858730 0.381685 0.451692 -1.463650 -0.428949 -1.029366 1.498195 0.412388 -0.037183 1.309370
-0.461347 0.865974 -1.849090 0.377585 0.458636 -1.467689 -0.433201 -1.025436 1.500775 0.410306 -0.043031 1.325546
-0.464727 0.850990 -1.838897 0.373765 0.465454 -1.471602 -0.437139 -1.021506 1.503204 0.408296 -0.049246 1.341964
-0.467778 0.836298 -1.828206 0.370201 0.472157 -1.475401 -0.440793 -1.017573 1.505494 0.406351 -0.055844 1.358625
-0.470512 0.821931 -1.817073 0.366867 0.478755 -1.479093 -0.444187 -1.013637 1.507653 0.404461 -0.062837 1.375524
-0.472945 0.807921 -1.805555 0.363740 0.485259 -1.482686 -0.447349 -1.009695 1.509692 0.402615 -0.070237 1.392650
-0.475096 0.794297 -1.793705 0.360798 0.491678 -1.486187 -0.450301 -1.005744 1.511619 0.400796 -0.078052 1.409984
-0.476987 0.781088 -1.781576 0.358016 0.498020 -1.489598 -0.453068 -1.001784 1.513440 0.398989 -0.086290 1.427503
-0.478640 0.768318 -1.769221 0.355374 0.504292 -1.492925 -0.455674 -0.997811 1.515164 0.397176 -0.094957 1.445176
-0.480081 0.756011 -1.756689 0.352848 0.510501 -1.496168 -0.458140 -0.993823 1.516796 0.395338 -0.104059 1.462968
-0.481333 0.744186 -1.744026 0.350419 0.516655 -1.499330 -0.460489 -0.989817 1.518341 0.393456 -0.113600 1.480839
-0.482424 0.732859 -1.731276 0.348064 0.522760 -1.502411 -0.462742 -0.985790 1.519805 0.391511 -0.123580 1.498746
-0.483376 0.722045 -1.718476 0.345764 0.528820 -1.505411 -0.464920 -0.981739 1.521191 0.389483 -0.134003 1.516639
-0.484216 0.711752 -1.705663 0.343496 0.534842 -1.508330 -0.467043 -0.977660 1.522504 0.387353 -0.144867 1.534468
-0.484964 0.701988 -1.692864 0.341243 0.540831 -1.511166 -0.469132 -0.973550 1.523747 0.385102 -0.156170 1.552177
-0.485643 0.692754 -1.680104 0.338982 0.546792 -1.513919 -0.471206 -0.969403 1.524921 0.382714 -0.167911 1.569711
-0.486273 0.684047 -1.667401 0.336695 0.552729 -1.516586 -0.473286 -0.965217 1.526029 0.380171 -0.180085 1.587010
-0.486870 0.675859 -1.654768 0.334361 0.558647 -1.519167 -0.475389 -0.960985 1.527072 0.377460 -0.192686 1.604015
-0.487450 0.668179 -1.642208 0.331961 0.564551 -1.521658 -0.477536 -0.956702 1.528050 0.374566 -0.205706 1.620665
-0.488023 0.660986 -1.629721 0.329475 0.570446 -1.524058 -0.479745 -0.952364 1.528963 0.371478 -0.219137 1.636899
-0.488598 0.654255 -1.617299 0.326882 0.576336 -1.526364 -0.482036 -0.947962 1.529810 0.368189 -0.232969 1.652658
-0.489178 0.647952 -1.604927 0.324164 0.582225 -1.528575 -0.484428 -0.943491 1.530589 0.364693 -0.247190 1.667882
-0.489761 0.642033 -1.592585 0.321300 0.588118 -1.530688 -0.486939 -0.938943 1.531297 0.360986 -0.261787 1.682513
-0.490340 0.636446 -1.580245 0.318270 0.594021 -1.532700 -0.489589 -0.934309 1.531930 0.357069 -0.276747 1.696495
-0.490900 0.631122 -1.567876 0.315053 0.599939 -1.534609 -0.492396 -0.929579 1.532484 0.352948 -0.292053 1.709775
-0.491418 0.625980 -1.555443 0.311629 0.605876 -1.536411 -0.495382 -0.924745 1.532952 0.348631 -0.307692 1.722300
-0.491859 0.620922 -1.542908 0.307975 0.611837 -1.538105 -0.498564 -0.919795 1.533327 0.344134 -0.323648 1.734023
-0.496125 0.626441 -1.551141 0.303319 0.617368 -1.538509 -0.502485 -0.914745 1.533669 0.339682 -0.340093 1.744939
-0.499659 0.631725 -1.555621 0.299507 0.622656 -1.539003 -0.505625 -0.910004 1.534057 0.334556 -0.356306 1.754838
-0.503176 0.637019 -1.557849 0.295739 0.627920 -1.539510 -0.508731 -0.905255 1.534381 0.329150 -0.372643 1.763769
-0.506666 0.642285 -1.558742 0.291997 0.633152 -1.539982 -0.511813 -0.900496 1.534655 0.323457 -0.389056 1.771704
-0.510127 0.647499 -1.558882 0.288268 0.638344 -1.540390 -0.514879 -0.895725 1.534885 0.317462 -0.405488 1.778624
-0.513561 0.652650 -1.558627 0.284545 0.643492 -1.540715 -0.517931 -0.890944 1.535076 0.311145 -0.421880 1.784520
-0.516970 0.657736 -1.558192 0.280825 0.648591 -1.540947 -0.520971 -0.886154 1.535230 0.304479 -0.438165 1.789396
-0.520360 0.662756 -1.557694 0.277107 0.653637 -1.541081 -0.523999 -0.881357 1.535347 0.297431 -0.454273 1.793264
-0.524972 0.667586 -1.556842 0.272011 0.658414 -1.540605 -0.528267 -0.876281 1.534988 0.290658 -0.470704 1.796272
-0.532113 0.672061 -1.555225 0.264068 0.662658 -1.538919 -0.535094 -0.870608 1.533612 0.284923 -0.488053 1.798571
-0.541795 0.676077 -1.552740 0.253243 0.666263 -1.535937 -0.544478 -0.864284 1.531013 0.280429 -0.506303 1.800149
-0.550420 0.679804 -1.549628 0.249892 0.672844 -1.544051 -0.552891 -0.858079 1.528698 0.275488 -0.523593 1.800620
-0.558270 0.683510 -1.546611 0.246473 0.678777 -1.552165 -0.560553 -0.851945 1.526474 0.270387 -0.540157 1.800019
-0.565409 0.687225 -1.543731 0.243063 0.684080 -1.560342 -0.567525 -0.845909 1.524397 0.265225 -0.556021 1.798364
-0.571886 0.690970 -1.541008 0.239727 0.688766 -1.568633 -0.573856 -0.839985 1.522496 0.260088 -0.571199 1.795688
-0.577745 0.694754 -1.538448 0.236518 0.692842 -1.577082 -0.579589 -0.834180 1.520790 0.255050 -0.585693 1.792034
-0.583022 0.698585 -1.536050 0.233481 0.696308 -1.585721 -0.584761 -0.828495 1.519287 0.250174 -0.599500 1.787454
-0.587749 0.702466 -1.533813 0.230653 0.699164 -1.594572 -0.589402 -0.822930 1.517987 0.245514 -0.612614 1.782010
-0.591954 0.706402 -1.531734 0.228068 0.701404 -1.603650 -0.593541 -0.817483 1.516892 0.241114 -0.625024 1.775769
-0.595663 0.710393 -1.529810 0.225750 0.703018 -1.612959 -0.597201 -0.812150 1.515999 0.237011 -0.636721 1.768804
-0.598899 0.714443 -1.528040 0.223724 0.703997 -1.622496 -0.600404 -0.806929 1.515306 0.233236 -0.647694 1.761189
-0.601680 0.718554 -1.526424 0.222008 0.704326 -1.632248 -0.603169 -0.801816 1.514809 0.229813 -0.657935 1.753003
-0.604024 0.722728 -1.524963 0.220622 0.703994 -1.642196 -0.605510 -0.796807 1.514504 0.226759 -0.667439 1.744324
-0.605947 0.726967 -1.523658 0.219578 0.702983 -1.652312 -0.607441 -0.791901 1.514390 0.224088 -0.676200 1.735232
-0.607461 0.731276 -1.522511 0.218891 0.701279 -1.662561 -0.608972 -0.787092 1.514461 0.221810 -0.684219 1.725805
-0.608577 0.735656 -1.521525 0.218573 0.698867 -1.672903 -0.610112 -0.782378 1.514716 0.219929 -0.691497 1.716118
-0.609303 0.740111 -1.520704 0.218634 0.695731 -1.683290 -0.610867 -0.777755 1.515150 0.218448 -0.698038 1.706247
-0.609645 0.744644 -1.520050 0.219082 0.691857 -1.693668 -0.611238 -0.773221 1.515760 0.217366 -0.703851 1.696261
-0.609606 0.749259 -1.519567 0.219925 0.687233 -1.703981 -0.611228 -0.768771 1.516544 0.216679 -0.708944 1.686228
-0.609187 0.753959 -1.519258 0.221168 0.681849 -1.714164 -0.610835 -0.764402 1.517496 0.216383 -0.713329 1.676210
-0.608387 0.758746 -1.519126 0.222815 0.675695 -1.724150 -0.610055 -0.760112 1.518615 0.216470 -0.717019 1.666265
-0.607202 0.763625 -1.519174 0.224866 0.668766 -1.733869 -0.608882 -0.755896 1.519897 0.216930 -0.720027 1.656444
-0.605626 0.768599 -1.519407 0.227320 0.661058 -1.743246 -0.607306 -0.751752 1.521338 0.217755 -0.722368 1.646795
-0.603651 0.773670 -1.519825 0.230172 0.652572 -1.752205 -0.605317 -0.747676 1.522934 0.218930 -0.724054 1.637357
-0.601264 0.778841 -1.520430 0.233415 0.643310 -1.760670 -0.602902 -0.743665 1.524681 0.220443 -0.725099 1.628164
-0.598452 0.784114 -1.521226 0.237036 0.633278 -1.768563 -0.600043 -0.739714 1.526575 0.222277 -0.725513 1.619242
-0.595197 0.789492 -1.522210 0.241019 0.622483 -1.775806 -0.596722 -0.735820 1.528610 0.224414 -0.725306 1.610610
-0.591481 0.794975 -1.523384 0.245341 0.610936 -1.782323 -0.592917 -0.731979 1.530782 0.226834 -0.724482 1.602279
-0.587279 0.800565 -1.524744 0.249976 0.598647 -1.788042 -0.588603 -0.728186 1.533083 0.229511 -0.723045 1.594255
-0.582566 0.806261 -1.526288 0.254889 0.585628 -1.792891 -0.583754 -0.724436 1.535506 0.232418 -0.720990 1.586533
-0.577311 0.812063 -1.528010 0.260038 0.571889 -1.796808 -0.578339 -0.720723 1.538043 0.235519 -0.718309 1.579100
-0.571482 0.817968 -1.529902 0.265374 0.557437 -1.799733 -0.572322 -0.717041 1.540682 0.238773 -0.714987 1.571938
-0.565040 0.823972 -1.531953 0.270838 0.542276 -1.801617 -0.565668 -0.713383 1.543411 0.242131 -0.711001 1.565018
-0.557946 0.830071 -1.534150 0.276360 0.526401 -1.802420 -0.558334 -0.709739 1.546216 0.245532 -0.706317 1.558306
-0.550152 0.836256 -1.536475 0.281858 0.509798 -1.802113 -0.550276 -0.706101 1.549079 0.248905 -0.700889 1.551758
-0.541608 0.842519 -1.538908 0.287236 0.492438 -1.800683 -0.541442 -0.702457 1.551980 0.252162 -0.694659 1.545326
-0.532160 0.848935 -1.541499 0.292270 0.474116 -1.798104 -0.531724 -0.698647 1.554675 0.263170 -0.691223 1.541270
