0.128000 0.017946 -0.183938 0.128000 -0.017946 -0.183938 -0.128000 0.017946 -0.183938 -0.128000 -0.017946 -0.183938
0.126928 0.017979 -0.183889 0.126918 -0.017916 -0.183895 -0.129072 0.018005 -0.183967 -0.129082 -0.017886 -0.183961
0.125855 0.018011 -0.183841 0.125835 -0.017886 -0.183853 -0.130144 0.018064 -0.183997 -0.130165 -0.017825 -0.183986
0.124754 0.018040 -0.183827 0.125413 -0.017830 -0.183065 -0.131246 0.018124 -0.184007 -0.131279 -0.017763 -0.183995
0.123621 0.018065 -0.183847 0.125746 -0.017766 -0.181511 -0.132378 0.018188 -0.183997 -0.132425 -0.017699 -0.183987
0.122479 0.018089 -0.183868 0.126354 -0.017728 -0.179870 -0.133521 0.018252 -0.183982 -0.133581 -0.017635 -0.183975
0.121322 0.018111 -0.183893 0.127339 -0.017720 -0.178113 -0.134678 0.018317 -0.183963 -0.134753 -0.017571 -0.183959
0.120149 0.018132 -0.183921 0.128760 -0.017742 -0.176224 -0.135851 0.018384 -0.183939 -0.135942 -0.017506 -0.183937
0.118958 0.018151 -0.183952 0.130648 -0.017798 -0.174197 -0.137042 0.018450 -0.183911 -0.137150 -0.017440 -0.183911
0.117747 0.018166 -0.183987 0.133007 -0.017886 -0.172036 -0.138253 0.018518 -0.183879 -0.138379 -0.017375 -0.183881
0.116516 0.018178 -0.184023 0.135830 -0.018011 -0.169750 -0.139484 0.018586 -0.183844 -0.139629 -0.017309 -0.183846
0.115265 0.018186 -0.184060 0.139090 -0.018173 -0.167355 -0.140735 0.018654 -0.183807 -0.140901 -0.017243 -0.183809
0.113993 0.018191 -0.184096 0.142754 -0.018373 -0.164874 -0.142007 0.018722 -0.183769 -0.142196 -0.017177 -0.183769
0.112699 0.018191 -0.184130 0.146777 -0.018612 -0.162336 -0.143300 0.018790 -0.183731 -0.143512 -0.017111 -0.183729
0.111385 0.018187 -0.184160 0.151106 -0.018888 -0.159776 -0.144615 0.018858 -0.183695 -0.144852 -0.017046 -0.183688
0.110050 0.018180 -0.184185 0.155687 -0.019197 -0.157236 -0.145949 0.018926 -0.183663 -0.146213 -0.016979 -0.183648
0.108695 0.018169 -0.184203 0.160463 -0.019534 -0.154764 -0.147304 0.018995 -0.183635 -0.147596 -0.016912 -0.183610
0.107321 0.018156 -0.184214 0.165382 -0.019888 -0.152408 -0.148677 0.019065 -0.183613 -0.148999 -0.016844 -0.183576
0.105929 0.018141 -0.184215 0.170394 -0.020252 -0.150222 -0.150069 0.019136 -0.183600 -0.150422 -0.016775 -0.183547
0.104521 0.018125 -0.184206 0.175458 -0.020612 -0.148255 -0.151476 0.019208 -0.183596 -0.151861 -0.016703 -0.183524
0.103099 0.018110 -0.184187 0.180538 -0.020960 -0.146553 -0.152898 0.019282 -0.183602 -0.153316 -0.016629 -0.183508
0.101664 0.018097 -0.184156 0.185606 -0.021288 -0.145155 -0.154333 0.019359 -0.183619 -0.154783 -0.016552 -0.183499
0.100218 0.018088 -0.184113 0.190640 -0.021593 -0.144091 -0.155778 0.019438 -0.183649 -0.156261 -0.016471 -0.183500
0.098765 0.018083 -0.184059 0.195623 -0.021881 -0.143377 -0.157231 0.019522 -0.183690 -0.157747 -0.016387 -0.183508
0.097304 0.018085 -0.183993 0.200543 -0.022167 -0.143017 -0.158691 0.019609 -0.183744 -0.159239 -0.016297 -0.183526
0.095855 0.018019 -0.183903 0.205367 -0.022436 -0.142996 -0.160140 0.019627 -0.183789 -0.160719 -0.016276 -0.183566
0.094615 0.017139 -0.183659 0.209779 -0.022262 -0.143321 -0.160601 0.019244 -0.182530 -0.161993 -0.017060 -0.183814
0.093311 0.016341 -0.183415 0.214076 -0.022129 -0.143987 -0.160375 0.019141 -0.180410 -0.163325 -0.017777 -0.184116
0.091964 0.015674 -0.183186 0.218211 -0.021998 -0.144989 -0.159952 0.019077 -0.178263 -0.164698 -0.018368 -0.184408
0.090571 0.015139 -0.182974 0.222134 -0.021826 -0.146306 -0.159293 0.019094 -0.176088 -0.166115 -0.018834 -0.184689
0.089130 0.014738 -0.182784 0.225809 -0.021584 -0.147905 -0.158372 0.019223 -0.173892 -0.167577 -0.019172 -0.184956
0.087638 0.014477 -0.182621 0.229209 -0.021257 -0.149749 -0.157173 0.019490 -0.171683 -0.169088 -0.019375 -0.185206
0.086092 0.014365 -0.182489 0.232313 -0.020831 -0.151792 -0.155690 0.019912 -0.169479 -0.170649 -0.019434 -0.185435
0.084489 0.014416 -0.182393 0.235109 -0.020299 -0.153990 -0.153921 0.020507 -0.167302 -0.172267 -0.019336 -0.185638
0.082822 0.014645 -0.182340 0.237590 -0.019652 -0.156297 -0.151870 0.021288 -0.165179 -0.173944 -0.019066 -0.185810
0.081087 0.015071 -0.182335 0.239757 -0.018880 -0.158675 -0.149543 0.022263 -0.163139 -0.175687 -0.018604 -0.185944
0.079276 0.015718 -0.182383 0.241613 -0.017975 -0.161087 -0.146949 0.023435 -0.161215 -0.177503 -0.017930 -0.186034
0.077381 0.016613 -0.182492 0.243165 -0.016926 -0.163509 -0.144099 0.024803 -0.159436 -0.179398 -0.017017 -0.186074
0.075395 0.017786 -0.182668 0.244424 -0.015725 -0.165925 -0.141001 0.026355 -0.157833 -0.181382 -0.015836 -0.186057
0.073307 0.019274 -0.182916 0.245401 -0.014367 -0.168330 -0.137661 0.028066 -0.156429 -0.183464 -0.014353 -0.185977
0.071104 0.021117 -0.183243 0.246108 -0.012859 -0.170733 -0.134079 0.029895 -0.155246 -0.185655 -0.012531 -0.185827
0.068774 0.023364 -0.183656 0.246559 -0.011223 -0.173154 -0.130246 0.031775 -0.154299 -0.187970 -0.010327 -0.185601
0.066301 0.026070 -0.184160 0.246774 -0.009517 -0.175626 -0.126142 0.033600 -0.153600 -0.190423 -0.007688 -0.185293
0.063678 0.029339 -0.184788 0.246606 -0.007681 -0.177657 -0.121672 0.035227 -0.153154 -0.193015 -0.004540 -0.184873
0.061510 0.032266 -0.185527 0.244987 -0.005299 -0.176056 -0.117295 0.036880 -0.153079 -0.195147 -0.001771 -0.184351
0.059648 0.033886 -0.185976 0.243234 -0.003719 -0.175762 -0.113191 0.039170 -0.153500 -0.196973 -0.000298 -0.184021
0.057770 0.035503 -0.186395 0.241333 -0.002023 -0.175727 -0.108954 0.041472 -0.154236 -0.198815 0.001166 -0.183660
0.055889 0.037235 -0.186835 0.239415 -0.000208 -0.175705 -0.104630 0.043864 -0.155227 -0.200661 0.002734 -0.183261
0.054031 0.040703 -0.187729 0.237527 0.003229 -0.175321 -0.099127 0.046093 -0.156131 -0.202495 0.006004 -0.182569
0.052255 0.044156 -0.186696 0.235543 0.007701 -0.174880 -0.093104 0.048078 -0.156980 -0.204448 0.010297 -0.181641
0.051094 0.046498 -0.184416 0.233452 0.011445 -0.174681 -0.087838 0.049943 -0.158113 -0.206528 0.013797 -0.180786
0.050545 0.048591 -0.182262 0.231357 0.014570 -0.174564 -0.083068 0.051596 -0.159489 -0.208621 0.016672 -0.180008
0.050481 0.050421 -0.180162 0.229251 0.017138 -0.174526 -0.078703 0.052985 -0.161073 -0.210730 0.018978 -0.179295
0.050835 0.051977 -0.178070 0.227132 0.019195 -0.174569 -0.074701 0.054074 -0.162823 -0.212853 0.020763 -0.178646
0.051577 0.053249 -0.175960 0.225000 0.020777 -0.174694 -0.071048 0.054843 -0.164697 -0.214989 0.022063 -0.178060
0.052696 0.054226 -0.173823 0.222857 0.021912 -0.174897 -0.067746 0.055282 -0.166655 -0.217137 0.022908 -0.177537
0.054189 0.054898 -0.171665 0.220706 0.022616 -0.175176 -0.064803 0.055389 -0.168660 -0.219291 0.023317 -0.177079
0.056056 0.055256 -0.169500 0.218550 0.022901 -0.175524 -0.062224 0.055167 -0.170679 -0.221449 0.023302 -0.176686
0.058297 0.055290 -0.167349 0.216393 0.022766 -0.175940 -0.060016 0.054620 -0.172684 -0.223607 0.022867 -0.176362
0.060911 0.054993 -0.165243 0.214240 0.022207 -0.176420 -0.058183 0.053757 -0.174655 -0.225760 0.022008 -0.176112
0.063893 0.054357 -0.163214 0.212093 0.021208 -0.176965 -0.056727 0.052586 -0.176577 -0.227905 0.020711 -0.175941
0.067242 0.053379 -0.161302 0.209958 0.019747 -0.177576 -0.055656 0.051115 -0.178448 -0.230039 0.018955 -0.175857
0.070961 0.052061 -0.159546 0.207835 0.017793 -0.178257 -0.054988 0.049352 -0.180277 -0.232158 0.016713 -0.175869
0.075069 0.050408 -0.157990 0.205728 0.015306 -0.179015 -0.054762 0.047304 -0.182090 -0.234261 0.013943 -0.175985
0.079615 0.048434 -0.156678 0.203638 0.012233 -0.179859 -0.055060 0.044978 -0.183934 -0.236347 0.010598 -0.176218
0.084698 0.046163 -0.155647 0.201564 0.008515 -0.180799 -0.056033 0.042378 -0.185885 -0.238416 0.006618 -0.176576
0.090530 0.043630 -0.154930 0.199531 0.004047 -0.181840 -0.057535 0.039091 -0.187555 -0.240444 0.001916 -0.177106
0.096460 0.040924 -0.154287 0.197626 -0.000138 -0.182762 -0.058307 0.034538 -0.186837 -0.242346 -0.002437 -0.177765
0.100987 0.038223 -0.153409 0.195760 -0.002342 -0.183318 -0.060077 0.032134 -0.186309 -0.244207 -0.004832 -0.178091
0.105291 0.035640 -0.152713 0.193918 -0.004165 -0.183749 -0.062122 0.030163 -0.185753 -0.246046 -0.006837 -0.178336
0.109560 0.033129 -0.152305 0.192083 -0.005999 -0.184152 -0.064187 0.028194 -0.185171 -0.247877 -0.008847 -0.178585
0.113817 0.030817 -0.152262 0.190176 -0.008257 -0.184600 -0.066273 0.025808 -0.184522 -0.249782 -0.011263 -0.178983
0.118405 0.028852 -0.152654 0.187711 -0.011453 -0.185099 -0.068865 0.022487 -0.183823 -0.250652 -0.013732 -0.177682
0.122635 0.026694 -0.153265 0.185324 -0.014156 -0.185483 -0.071328 0.019708 -0.183307 -0.250680 -0.015670 -0.175384
0.126611 0.024496 -0.154104 0.183053 -0.016492 -0.185793 -0.073644 0.017323 -0.182871 -0.250538 -0.017619 -0.173103
0.130348 0.022337 -0.155160 0.180881 -0.018513 -0.186034 -0.075841 0.015276 -0.182503 -0.250186 -0.019521 -0.170825
0.133849 0.020264 -0.156418 0.178795 -0.020264 -0.186214 -0.077943 0.013514 -0.182196 -0.249597 -0.021348 -0.168543
0.137106 0.018302 -0.157857 0.176780 -0.021789 -0.186344 -0.079967 0.011993 -0.181944 -0.248752 -0.023099 -0.166258
0.140108 0.016462 -0.159454 0.174823 -0.023126 -0.186434 -0.081927 0.010672 -0.181741 -0.247637 -0.024778 -0.163979
0.142839 0.014745 -0.161180 0.172913 -0.024312 -0.186493 -0.083836 0.009512 -0.181579 -0.246239 -0.026399 -0.161723
0.145284 0.013140 -0.163007 0.171039 -0.025380 -0.186529 -0.085705 0.008478 -0.181451 -0.244550 -0.027973 -0.159518
0.147427 0.011636 -0.164903 0.169191 -0.026365 -0.186552 -0.087545 0.007536 -0.181351 -0.242564 -0.029515 -0.157395
0.149253 0.010213 -0.166845 0.167361 -0.027296 -0.186569 -0.089365 0.006654 -0.181268 -0.240280 -0.031034 -0.155392
0.150755 0.008850 -0.168807 0.165537 -0.028205 -0.186588 -0.091175 0.005803 -0.181198 -0.237702 -0.032539 -0.153550
0.151928 0.007527 -0.170775 0.163712 -0.029121 -0.186617 -0.092984 0.004953 -0.181130 -0.234838 -0.034035 -0.151911
0.152773 0.006221 -0.172737 0.161877 -0.030075 -0.186663 -0.094800 0.004074 -0.181059 -0.231699 -0.035524 -0.150515
0.153305 0.004918 -0.174691 0.160023 -0.031095 -0.186731 -0.096633 0.003137 -0.180977 -0.228301 -0.037007 -0.149401
0.153552 0.003608 -0.176641 0.158140 -0.032212 -0.186828 -0.098492 0.002112 -0.180877 -0.224658 -0.038480 -0.148604
0.153568 0.002297 -0.178602 0.156219 -0.033457 -0.186957 -0.100388 0.000970 -0.180753 -0.220786 -0.039935 -0.148152
0.153315 0.001088 -0.179783 0.154245 -0.034908 -0.187174 -0.102333 -0.000361 -0.180582 -0.216685 -0.041343 -0.148073
0.152116 0.000072 -0.178710 0.152305 -0.036396 -0.187531 -0.104234 -0.001699 -0.180377 -0.212443 -0.042791 -0.148364
0.150327 -0.001226 -0.178353 0.150409 -0.037782 -0.187842 -0.106092 -0.002931 -0.180187 -0.208103 -0.044327 -0.149027
0.148370 -0.002618 -0.178203 0.148519 -0.039161 -0.188149 -0.107942 -0.004150 -0.179989 -0.203674 -0.045949 -0.150051
0.146406 -0.004123 -0.178056 0.146633 -0.040652 -0.188490 -0.109787 -0.005470 -0.179762 -0.199170 -0.047668 -0.151401
0.144459 -0.006925 -0.177626 0.144745 -0.043524 -0.189191 -0.111647 -0.008147 -0.179301 -0.194241 -0.048950 -0.153106
0.142528 -0.010442 -0.177118 0.143453 -0.045806 -0.188503 -0.113524 -0.011545 -0.178700 -0.189126 -0.049919 -0.155075
0.140621 -0.013387 -0.176734 0.142794 -0.047472 -0.187138 -0.115403 -0.014361 -0.178184 -0.184211 -0.050971 -0.157228
0.138730 -0.015829 -0.176419 0.142642 -0.049069 -0.185655 -0.117279 -0.016681 -0.177735 -0.179448 -0.051985 -0.159562
0.136849 -0.017824 -0.176174 0.142997 -0.050536 -0.184028 -0.119154 -0.018554 -0.177344 -0.174833 -0.052890 -0.162044
0.134974 -0.019412 -0.175997 0.143859 -0.051831 -0.182242 -0.121028 -0.020022 -0.177008 -0.170386 -0.053636 -0.164624
0.133101 -0.020628 -0.175887 0.145221 -0.052927 -0.180292 -0.122900 -0.021118 -0.176725 -0.166142 -0.054187 -0.167247
0.131229 -0.021496 -0.175841 0.147069 -0.053803 -0.178181 -0.124772 -0.021865 -0.176494 -0.162146 -0.054520 -0.169860
0.129358 -0.022033 -0.175854 0.149381 -0.054447 -0.175921 -0.126644 -0.022282 -0.176314 -0.158449 -0.054621 -0.172413
0.127487 -0.022251 -0.175922 0.152127 -0.054850 -0.173532 -0.128516 -0.022377 -0.176188 -0.155099 -0.054483 -0.174864
0.125615 -0.022152 -0.176043 0.155270 -0.055008 -0.171040 -0.130388 -0.022156 -0.176115 -0.152143 -0.054105 -0.177178
0.123742 -0.021733 -0.176216 0.158766 -0.054922 -0.168481 -0.132261 -0.021614 -0.176100 -0.149620 -0.053491 -0.179330
0.121867 -0.020986 -0.176438 0.162569 -0.054595 -0.165899 -0.134136 -0.020742 -0.176145 -0.147565 -0.052651 -0.181301
0.119990 -0.019891 -0.176713 0.166634 -0.054041 -0.163341 -0.136013 -0.019521 -0.176258 -0.146004 -0.051600 -0.183083
0.118110 -0.018426 -0.177043 0.170920 -0.053278 -0.160859 -0.137892 -0.017929 -0.176445 -0.144957 -0.050360 -0.184673
0.116228 -0.016558 -0.177434 0.175397 -0.052336 -0.158504 -0.139774 -0.015932 -0.176712 -0.144444 -0.048965 -0.186077
0.114342 -0.014245 -0.177891 0.180052 -0.051259 -0.156320 -0.141659 -0.013491 -0.177069 -0.144482 -0.047465 -0.187308
0.112451 -0.011439 -0.178425 0.184897 -0.050114 -0.154334 -0.143549 -0.010555 -0.177524 -0.145097 -0.045933 -0.188386
0.110550 -0.008068 -0.179045 0.189993 -0.049008 -0.152537 -0.145449 -0.007066 -0.178095 -0.146088 -0.043672 -0.189218
0.108655 -0.005444 -0.179531 0.194874 -0.047626 -0.151028 -0.147343 -0.004340 -0.178591 -0.147330 -0.040630 -0.189295
0.106798 -0.004133 -0.179764 0.199294 -0.045904 -0.149904 -0.149199 -0.002912 -0.178880 -0.149172 -0.039129 -0.189033
0.104944 -0.002917 -0.179950 0.203668 -0.044275 -0.149106 -0.151053 -0.001585 -0.179153 -0.151187 -0.037781 -0.188597
0.103084 -0.001693 -0.180124 0.207982 -0.042723 -0.148661 -0.152911 -0.000255 -0.179435 -0.153216 -0.036432 -0.188154
0.101191 -0.000364 -0.180306 0.212235 -0.041250 -0.148571 -0.154804 0.001172 -0.179752 -0.155240 -0.034978 -0.187739
0.099236 0.000988 -0.180467 0.216378 -0.039819 -0.148833 -0.155369 0.002438 -0.178207 -0.157283 -0.033516 -0.187478
0.097326 0.002150 -0.180589 0.220308 -0.038349 -0.149449 -0.155495 0.003668 -0.176142 -0.159251 -0.032254 -0.187323
0.095454 0.003189 -0.180685 0.224025 -0.036869 -0.150388 -0.155440 0.004935 -0.174072 -0.161162 -0.031124 -0.187219
0.093609 0.004133 -0.180762 0.227517 -0.035388 -0.151615 -0.155130 0.006217 -0.171993 -0.163035 -0.030096 -0.187153
0.091782 0.005014 -0.180827 0.230768 -0.033911 -0.153094 -0.154520 0.007514 -0.169908 -0.164883 -0.029141 -0.187117
0.089963 0.005859 -0.180887 0.233762 -0.032437 -0.154785 -0.153588 0.008835 -0.167825 -0.166719 -0.028228 -0.187100
0.088144 0.006700 -0.180949 0.236489 -0.030965 -0.156646 -0.152325 0.010198 -0.165759 -0.168552 -0.027328 -0.187094
0.086314 0.007565 -0.181022 0.238939 -0.029489 -0.158635 -0.150732 0.011621 -0.163734 -0.170392 -0.026411 -0.187091
0.084466 0.008485 -0.181112 0.241109 -0.027998 -0.160713 -0.148814 0.013122 -0.161775 -0.172248 -0.025447 -0.187083
0.082588 0.009490 -0.181227 0.242998 -0.026481 -0.162845 -0.146584 0.014717 -0.159911 -0.174130 -0.024405 -0.187062
0.080672 0.010615 -0.181375 0.244611 -0.024923 -0.165001 -0.144055 0.016418 -0.158174 -0.176048 -0.023251 -0.187017
0.078706 0.011894 -0.181563 0.245954 -0.023309 -0.167160 -0.141241 0.018231 -0.156594 -0.178012 -0.021952 -0.186942
0.076679 0.013363 -0.181798 0.247036 -0.021621 -0.169310 -0.138158 0.020156 -0.155199 -0.180033 -0.020473 -0.186827
0.074580 0.015065 -0.182088 0.247865 -0.019848 -0.171447 -0.134815 0.022179 -0.154014 -0.182124 -0.018773 -0.186665
0.072393 0.017041 -0.182440 0.248453 -0.017983 -0.173582 -0.131220 0.024273 -0.153058 -0.184297 -0.016812 -0.186448
0.070106 0.019343 -0.182860 0.248809 -0.016033 -0.175733 -0.127369 0.026388 -0.152345 -0.186568 -0.014544 -0.186168
0.067700 0.022025 -0.183355 0.248948 -0.014030 -0.177934 -0.123248 0.028445 -0.151883 -0.188953 -0.011918 -0.185818
0.065220 0.025257 -0.184016 0.248409 -0.011731 -0.178671 -0.118751 0.030278 -0.151662 -0.191399 -0.008798 -0.185316
0.063291 0.027575 -0.184624 0.246898 -0.009745 -0.177537 -0.114539 0.032543 -0.151892 -0.193292 -0.006614 -0.184867
0.061406 0.029496 -0.185117 0.245079 -0.007812 -0.177242 -0.110279 0.035045 -0.152497 -0.195139 -0.004836 -0.184461
0.059511 0.031413 -0.185591 0.243153 -0.005806 -0.177145 -0.105961 0.037647 -0.153393 -0.196996 -0.003072 -0.184035
0.057617 0.033841 -0.186195 0.241222 -0.003312 -0.176962 -0.101329 0.040336 -0.154452 -0.198856 -0.000811 -0.183505
0.055768 0.038336 -0.187340 0.239341 0.001120 -0.176341 -0.095364 0.042797 -0.155301 -0.200685 0.003487 -0.182633
0.054003 0.041565 -0.185557 0.237286 0.005852 -0.175897 -0.089526 0.045079 -0.156230 -0.202712 0.008009 -0.181633
0.052963 0.044151 -0.183371 0.235190 0.009831 -0.175619 -0.084383 0.047203 -0.157441 -0.204798 0.011750 -0.180731
0.052531 0.046461 -0.181292 0.233087 0.013153 -0.175431 -0.079733 0.049088 -0.158898 -0.206899 0.014826 -0.179912
0.052579 0.048482 -0.179253 0.230974 0.015882 -0.175332 -0.075484 0.050681 -0.160558 -0.209014 0.017298 -0.179167
0.053045 0.050201 -0.177208 0.228848 0.018068 -0.175325 -0.071598 0.051949 -0.162378 -0.211143 0.019216 -0.178493
0.053899 0.051607 -0.175138 0.226710 0.019751 -0.175407 -0.068060 0.052873 -0.164314 -0.213285 0.020621 -0.177891
0.055130 0.052690 -0.173036 0.224561 0.020959 -0.175575 -0.064871 0.053444 -0.166326 -0.215436 0.021543 -0.177359
0.056735 0.053443 -0.170909 0.222406 0.021712 -0.175824 -0.062038 0.053660 -0.168378 -0.217593 0.022005 -0.176898
0.058714 0.053858 -0.168774 0.220247 0.022020 -0.176150 -0.059566 0.053526 -0.170436 -0.219752 0.022018 -0.176510
0.061066 0.053926 -0.166655 0.218089 0.021885 -0.176547 -0.057460 0.053047 -0.172474 -0.221910 0.021587 -0.176196
0.063787 0.053643 -0.164581 0.215936 0.021302 -0.177016 -0.055722 0.052233 -0.174473 -0.224062 0.020707 -0.175962
0.066872 0.053004 -0.162589 0.213791 0.020254 -0.177553 -0.054357 0.051093 -0.176421 -0.226204 0.019365 -0.175814
0.070321 0.052009 -0.160716 0.211659 0.018720 -0.178162 -0.053372 0.049636 -0.178318 -0.228334 0.017540 -0.175758
0.074137 0.050663 -0.159005 0.209541 0.016665 -0.178847 -0.052791 0.047871 -0.180178 -0.230449 0.015201 -0.175804
0.078346 0.048977 -0.157500 0.207439 0.014048 -0.179614 -0.052662 0.045806 -0.182033 -0.232546 0.012305 -0.175962
0.083007 0.046971 -0.156243 0.205354 0.010815 -0.180474 -0.053083 0.043448 -0.183939 -0.234625 0.008802 -0.176240
0.088235 0.044676 -0.155269 0.203287 0.006902 -0.181437 -0.054237 0.040799 -0.185983 -0.236687 0.004631 -0.176651
0.094322 0.042137 -0.154616 0.201301 0.002154 -0.182493 -0.055416 0.036857 -0.187054 -0.238668 -0.000325 -0.177294
0.099949 0.039444 -0.153891 0.199406 -0.001621 -0.183339 -0.056513 0.032774 -0.186335 -0.240559 -0.004274 -0.177910
0.104332 0.036758 -0.153019 0.197553 -0.003613 -0.183834 -0.058381 0.030605 -0.185827 -0.242408 -0.006457 -0.178210
0.108616 0.034196 -0.152378 0.195717 -0.005403 -0.184240 -0.060441 0.028674 -0.185277 -0.244239 -0.008428 -0.178464
0.112844 0.031701 -0.152032 0.193888 -0.007204 -0.184622 -0.062494 0.026742 -0.184714 -0.246065 -0.010405 -0.178723
0.117232 0.029576 -0.152109 0.191858 -0.009798 -0.185106 -0.064694 0.024015 -0.184010 -0.248094 -0.013169 -0.179253
0.121677 0.027583 -0.152545 0.189406 -0.012808 -0.185540 -0.067260 0.020902 -0.183404 -0.248412 -0.015201 -0.177263
0.125833 0.025448 -0.153213 0.187065 -0.015388 -0.185892 -0.069670 0.018252 -0.182919 -0.248387 -0.017124 -0.174980
0.129745 0.023293 -0.154109 0.184834 -0.017617 -0.186171 -0.071942 0.015978 -0.182510 -0.248186 -0.019039 -0.172706
0.133424 0.021188 -0.155222 0.182700 -0.019544 -0.186382 -0.074103 0.014027 -0.182167 -0.247769 -0.020898 -0.170431
0.136868 0.019174 -0.156536 0.180647 -0.021214 -0.186537 -0.076171 0.012347 -0.181882 -0.247110 -0.022682 -0.168151
0.140069 0.017275 -0.158028 0.178661 -0.022668 -0.186643 -0.078165 0.010897 -0.181650 -0.246190 -0.024391 -0.165869
0.143015 0.015497 -0.159672 0.176732 -0.023945 -0.186712 -0.080099 0.009635 -0.181464 -0.244995 -0.026033 -0.163596
0.145689 0.013838 -0.161439 0.174847 -0.025078 -0.186752 -0.081983 0.008525 -0.181318 -0.243513 -0.027619 -0.161353
0.148076 0.012289 -0.163299 0.172997 -0.026103 -0.186772 -0.083831 0.007533 -0.181205 -0.241737 -0.029164 -0.159167
0.150159 0.010835 -0.165224 0.171172 -0.027051 -0.186780 -0.085650 0.006625 -0.181115 -0.239661 -0.030678 -0.157071
0.151928 0.009457 -0.167188 0.169362 -0.027953 -0.186784 -0.087450 0.005771 -0.181043 -0.237286 -0.032172 -0.155106
0.153373 0.008134 -0.169168 0.167558 -0.028838 -0.186793 -0.089242 0.004941 -0.180980 -0.234618 -0.033653 -0.153310
0.154492 0.006844 -0.171149 0.165752 -0.029736 -0.186813 -0.091032 0.004106 -0.180919 -0.231664 -0.035125 -0.151727
0.155290 0.005569 -0.173124 0.163936 -0.030676 -0.186851 -0.092831 0.003237 -0.180853 -0.228439 -0.036591 -0.150397
0.155781 0.004291 -0.175090 0.162100 -0.031687 -0.186912 -0.094648 0.002307 -0.180774 -0.224956 -0.038050 -0.149357
0.156000 0.003007 -0.177055 0.160235 -0.032799 -0.187003 -0.096490 0.001284 -0.180677 -0.221232 -0.039499 -0.148640
0.156006 0.001725 -0.179034 0.158332 -0.034042 -0.187126 -0.098370 0.000141 -0.180553 -0.217281 -0.040928 -0.148274
0.155624 0.000637 -0.179398 0.156374 -0.035543 -0.187391 -0.100298 -0.001235 -0.180367 -0.213090 -0.042294 -0.148287
0.154255 -0.000413 -0.178583 0.154493 -0.036931 -0.187715 -0.102143 -0.002478 -0.180182 -0.208809 -0.043760 -0.148660
0.152428 -0.001724 -0.178312 0.152630 -0.038288 -0.188014 -0.103968 -0.003686 -0.179997 -0.204415 -0.045287 -0.149406
0.150492 -0.003098 -0.178184 0.150774 -0.039641 -0.188311 -0.105786 -0.004881 -0.179804 -0.199942 -0.046913 -0.150502
0.148566 -0.004678 -0.178019 0.148921 -0.041215 -0.188673 -0.107600 -0.006287 -0.179563 -0.195371 -0.048602 -0.151918
0.146657 -0.007881 -0.177502 0.147070 -0.044515 -0.189478 -0.109432 -0.009389 -0.179031 -0.190238 -0.049693 -0.153703
0.144763 -0.011223 -0.177056 0.146062 -0.046241 -0.188297 -0.111279 -0.012605 -0.178459 -0.185122 -0.050691 -0.155702
0.142896 -0.014017 -0.176693 0.145573 -0.047865 -0.186927 -0.113122 -0.015279 -0.177968 -0.180191 -0.051726 -0.157884
0.141044 -0.016327 -0.176399 0.145585 -0.049407 -0.185426 -0.114963 -0.017472 -0.177540 -0.175414 -0.052702 -0.160237
0.139200 -0.018203 -0.176174 0.146103 -0.050810 -0.183771 -0.116801 -0.019233 -0.177169 -0.170791 -0.053554 -0.162724
0.137362 -0.019686 -0.176016 0.147128 -0.052036 -0.181949 -0.118638 -0.020600 -0.176851 -0.166347 -0.054236 -0.165296
0.135526 -0.020804 -0.175923 0.148651 -0.053057 -0.179957 -0.120474 -0.021603 -0.176586 -0.162119 -0.054717 -0.167896
0.133692 -0.021582 -0.175893 0.150658 -0.053858 -0.177800 -0.122309 -0.022263 -0.176373 -0.158153 -0.054975 -0.170475
0.131858 -0.022035 -0.175921 0.153123 -0.054423 -0.175492 -0.124144 -0.022598 -0.176212 -0.154499 -0.054999 -0.172984
0.130024 -0.022170 -0.176003 0.156015 -0.054747 -0.173056 -0.125978 -0.022613 -0.176103 -0.151204 -0.054784 -0.175385
0.128190 -0.021990 -0.176137 0.159292 -0.054826 -0.170520 -0.127812 -0.022313 -0.176049 -0.148313 -0.054329 -0.177646
0.126355 -0.021490 -0.176322 0.162912 -0.054661 -0.167923 -0.129648 -0.021689 -0.176054 -0.145865 -0.053641 -0.179744
0.124518 -0.020658 -0.176557 0.166825 -0.054259 -0.165310 -0.131485 -0.020732 -0.176121 -0.143890 -0.052730 -0.181663
0.122679 -0.019473 -0.176845 0.170987 -0.053633 -0.162731 -0.133323 -0.019421 -0.176257 -0.142413 -0.051612 -0.183397
0.120838 -0.017911 -0.177189 0.175357 -0.052805 -0.160241 -0.135164 -0.017730 -0.176469 -0.141455 -0.050311 -0.184946
0.118995 -0.015937 -0.177594 0.179909 -0.051808 -0.157890 -0.137007 -0.015625 -0.176763 -0.141034 -0.048862 -0.186318
0.117148 -0.013507 -0.178069 0.184631 -0.050690 -0.155719 -0.138853 -0.013063 -0.177150 -0.141172 -0.047318 -0.187528
0.115297 -0.010569 -0.178622 0.189539 -0.049523 -0.153753 -0.140704 -0.009992 -0.177638 -0.141902 -0.045758 -0.188600
0.113432 -0.007037 -0.179264 0.194709 -0.048434 -0.151974 -0.142568 -0.006350 -0.178256 -0.142798 -0.042834 -0.189307
