0.109171 -0.005905 -0.179442 0.193619 -0.048091 -0.151384 -0.146827 -0.004833 -0.178493 -0.146874 -0.041164 -0.189329
0.107305 -0.004463 -0.179709 0.198095 -0.046367 -0.150166 -0.148693 -0.003274 -0.178805 -0.148633 -0.039501 -0.189137
0.105445 -0.003247 -0.179901 0.202492 -0.044705 -0.149274 -0.150551 -0.001944 -0.179077 -0.150637 -0.038144 -0.188720
0.103582 -0.002021 -0.180078 0.206841 -0.043132 -0.148731 -0.152414 -0.000611 -0.179358 -0.152677 -0.036794 -0.188267
0.101711 -0.000777 -0.180248 0.211101 -0.041610 -0.148554 -0.154284 0.000734 -0.179650 -0.154691 -0.035426 -0.187853
0.099741 0.000664 -0.180431 0.215324 -0.040201 -0.148717 -0.155320 0.002126 -0.178745 -0.156759 -0.033867 -0.187527
0.097814 0.001867 -0.180560 0.219319 -0.038731 -0.149248 -0.155478 0.003345 -0.176674 -0.158751 -0.032563 -0.187355
0.095927 0.002937 -0.180663 0.223103 -0.037247 -0.150111 -0.155481 0.004610 -0.174600 -0.160680 -0.031399 -0.187240
0.094071 0.003904 -0.180744 0.226665 -0.035761 -0.151273 -0.155241 0.005892 -0.172517 -0.162566 -0.030346 -0.187166
0.092235 0.004800 -0.180811 0.229987 -0.034278 -0.152699 -0.154707 0.007189 -0.170427 -0.164425 -0.029373 -0.187123
0.090410 0.005653 -0.180872 0.233055 -0.032800 -0.154347 -0.153854 0.008507 -0.168335 -0.166268 -0.028450 -0.187102
0.088587 0.006495 -0.180933 0.235856 -0.031323 -0.156177 -0.152668 0.009862 -0.166257 -0.168106 -0.027547 -0.187094
0.086755 0.007353 -0.181003 0.238381 -0.029844 -0.158146 -0.151149 0.011272 -0.164213 -0.169949 -0.026635 -0.187092
0.084906 0.008259 -0.181088 0.240624 -0.028353 -0.160213 -0.149302 0.012757 -0.162229 -0.171806 -0.025682 -0.187086
0.083031 0.009244 -0.181197 0.242585 -0.026839 -0.162342 -0.147137 0.014333 -0.160334 -0.173687 -0.024658 -0.187068
0.081118 0.010341 -0.181337 0.244266 -0.025288 -0.164502 -0.144669 0.016014 -0.158559 -0.175601 -0.023530 -0.187030
0.079159 0.011585 -0.181515 0.245674 -0.023683 -0.166669 -0.141910 0.017807 -0.156935 -0.177560 -0.022265 -0.186962
0.077141 0.013012 -0.181740 0.246817 -0.022008 -0.168828 -0.138877 0.019713 -0.155492 -0.179573 -0.020825 -0.186857
0.075053 0.014663 -0.182018 0.247704 -0.020250 -0.170974 -0.135581 0.021723 -0.154255 -0.181653 -0.019173 -0.186706
0.072880 0.016581 -0.182357 0.248346 -0.018399 -0.173114 -0.132030 0.023811 -0.153244 -0.183814 -0.017268 -0.186501
0.070609 0.018815 -0.182762 0.248752 -0.016460 -0.175266 -0.128223 0.025934 -0.152475 -0.186069 -0.015064 -0.186234
0.068223 0.021418 -0.183242 0.248937 -0.014458 -0.177460 -0.124150 0.028018 -0.151958 -0.188435 -0.012511 -0.185899
0.065726 0.024492 -0.183833 0.248742 -0.012339 -0.179168 -0.119755 0.029935 -0.151690 -0.190904 -0.009524 -0.185459
0.063677 0.027179 -0.184518 0.247243 -0.010121 -0.177653 -0.115402 0.032032 -0.151804 -0.192913 -0.006982 -0.184948
0.061791 0.029106 -0.185019 0.245465 -0.008217 -0.177274 -0.111155 0.034531 -0.152348 -0.194761 -0.005197 -0.184546
0.059892 0.031029 -0.185496 0.243541 -0.006209 -0.177159 -0.106825 0.037113 -0.153191 -0.196624 -0.003425 -0.184121
0.057990 0.033214 -0.186037 0.241602 -0.003944 -0.177029 -0.102342 0.039816 -0.154252 -0.198488 -0.001402 -0.183636
0.056115 0.037283 -0.187073 0.239694 0.000093 -0.176503 -0.096632 0.042349 -0.155161 -0.200340 0.002475 -0.182829
0.054287 0.041040 -0.185995 0.237688 0.005010 -0.175961 -0.090576 0.044651 -0.156028 -0.202314 0.007211 -0.181816
0.053107 0.043684 -0.183771 0.235585 0.009134 -0.175664 -0.085310 0.046819 -0.157193 -0.204405 0.011099 -0.180894
0.052572 0.046054 -0.181673 0.233477 0.012584 -0.175459 -0.080562 0.048759 -0.158611 -0.206509 0.014303 -0.180058
0.052539 0.048136 -0.179623 0.231360 0.015425 -0.175343 -0.076231 0.050414 -0.160243 -0.208628 0.016889 -0.179297
0.052934 0.049915 -0.177576 0.229229 0.017714 -0.175320 -0.072269 0.051746 -0.162043 -0.210761 0.018910 -0.178609
0.053722 0.051381 -0.175505 0.227087 0.019489 -0.175386 -0.068659 0.052734 -0.163967 -0.212907 0.020408 -0.177992
0.054892 0.052525 -0.173402 0.224934 0.020782 -0.175540 -0.065399 0.053369 -0.165975 -0.215063 0.021415 -0.177447
0.056438 0.053337 -0.171272 0.222773 0.021614 -0.175777 -0.062496 0.053647 -0.168028 -0.217226 0.021956 -0.176972
0.058360 0.053811 -0.169131 0.220608 0.021997 -0.176091 -0.059955 0.053571 -0.170093 -0.219392 0.022044 -0.176570
0.060657 0.053937 -0.167001 0.218443 0.021935 -0.176478 -0.057782 0.053147 -0.172142 -0.221556 0.021685 -0.176243
0.063327 0.053710 -0.164912 0.216282 0.021423 -0.176936 -0.055979 0.052385 -0.174154 -0.223716 0.020876 -0.175995
0.066364 0.053125 -0.162898 0.214129 0.020448 -0.177464 -0.054550 0.051292 -0.176117 -0.225867 0.019605 -0.175832
0.069766 0.052183 -0.160999 0.211988 0.018987 -0.178064 -0.053502 0.049880 -0.178027 -0.228005 0.017852 -0.175762
0.073537 0.050886 -0.159256 0.209861 0.017008 -0.178739 -0.052855 0.048156 -0.179897 -0.230129 0.015586 -0.175792
0.077698 0.049245 -0.157713 0.207750 0.014470 -0.179496 -0.052654 0.046130 -0.181756 -0.232235 0.012768 -0.175932
0.082302 0.047279 -0.156413 0.205657 0.011321 -0.180345 -0.052988 0.043808 -0.183657 -0.234323 0.009347 -0.176194
0.087456 0.045016 -0.155394 0.203581 0.007498 -0.181295 -0.054026 0.041193 -0.185682 -0.236393 0.005263 -0.176587
0.093406 0.042502 -0.154691 0.201563 0.002875 -0.182347 -0.055414 0.037642 -0.187163 -0.238406 0.000416 -0.177179
0.099254 0.039814 -0.154006 0.199663 -0.001211 -0.183243 -0.056303 0.033216 -0.186424 -0.240303 -0.003840 -0.177843
0.103763 0.037110 -0.153131 0.197799 -0.003375 -0.183777 -0.058115 0.030864 -0.185895 -0.242162 -0.006194 -0.178177
0.108057 0.034525 -0.152450 0.195957 -0.005168 -0.184189 -0.060171 0.028926 -0.185351 -0.244000 -0.008171 -0.178431
0.112311 0.032018 -0.152064 0.194121 -0.006974 -0.184575 -0.062234 0.026989 -0.184786 -0.245832 -0.010153 -0.178690
0.116629 0.029793 -0.152072 0.192157 -0.009365 -0.185030 -0.064375 0.024469 -0.184121 -0.247795 -0.012708 -0.179151
0.121152 0.027834 -0.152484 0.189700 -0.012463 -0.185492 -0.066954 0.021257 -0.183470 -0.248405 -0.014972 -0.177542
0.125351 0.025703 -0.153125 0.187337 -0.015098 -0.185854 -0.069391 0.018549 -0.182974 -0.248397 -0.016895 -0.175250
0.129302 0.023540 -0.153998 0.185087 -0.017373 -0.186142 -0.071685 0.016227 -0.182555 -0.248217 -0.018820 -0.172969
0.133018 0.021421 -0.155090 0.182936 -0.019338 -0.186361 -0.073864 0.014234 -0.182203 -0.247825 -0.020692 -0.170687
0.136499 0.019390 -0.156386 0.180868 -0.021040 -0.186522 -0.075948 0.012522 -0.181911 -0.247191 -0.022490 -0.168401
0.139737 0.017472 -0.157864 0.178870 -0.022520 -0.186634 -0.077956 0.011044 -0.181673 -0.246298 -0.024212 -0.166112
0.142719 0.015676 -0.159498 0.176930 -0.023818 -0.186706 -0.079901 0.009760 -0.181482 -0.245129 -0.025865 -0.163831
0.145430 0.014000 -0.161259 0.175035 -0.024969 -0.186749 -0.081796 0.008632 -0.181332 -0.243672 -0.027462 -0.161577
0.147853 0.012436 -0.163117 0.173176 -0.026007 -0.186771 -0.083652 0.007626 -0.181215 -0.241919 -0.029015 -0.159377
0.149972 0.010969 -0.165042 0.171343 -0.026964 -0.186780 -0.085479 0.006708 -0.181124 -0.239866 -0.030536 -0.157266
0.151776 0.009580 -0.167009 0.169526 -0.027872 -0.186784 -0.087287 0.005847 -0.181050 -0.237512 -0.032036 -0.155281
0.153255 0.008249 -0.168994 0.167717 -0.028760 -0.186792 -0.089084 0.005014 -0.180986 -0.234861 -0.033522 -0.153464
0.154406 0.006953 -0.170982 0.165906 -0.029659 -0.186811 -0.090880 0.004177 -0.180924 -0.231923 -0.035000 -0.151857
0.155232 0.005673 -0.172962 0.164085 -0.030597 -0.186847 -0.092684 0.003310 -0.180859 -0.228710 -0.036471 -0.150500
0.155750 0.004392 -0.174935 0.162245 -0.031605 -0.186907 -0.094504 0.002382 -0.180781 -0.225237 -0.037935 -0.149433
0.155990 0.003104 -0.176906 0.160377 -0.032712 -0.186995 -0.096350 0.001364 -0.180685 -0.221520 -0.039389 -0.148688
0.156009 0.001818 -0.178890 0.158472 -0.033948 -0.187116 -0.098232 0.000227 -0.180563 -0.217574 -0.040824 -0.148294
0.155676 0.000697 -0.179516 0.156512 -0.035426 -0.187363 -0.100162 -0.001129 -0.180384 -0.213389 -0.042202 -0.148279
0.154361 -0.000335 -0.178620 0.154618 -0.036840 -0.187695 -0.102020 -0.002397 -0.180195 -0.209097 -0.043660 -0.148629
0.152549 -0.001638 -0.178324 0.152749 -0.038202 -0.187996 -0.103852 -0.003609 -0.180009 -0.204697 -0.045188 -0.149353
0.150610 -0.003015 -0.178191 0.150887 -0.039558 -0.188294 -0.105676 -0.004809 -0.179816 -0.200215 -0.046811 -0.150431
0.148676 -0.004573 -0.178032 0.149028 -0.041108 -0.188648 -0.107496 -0.006191 -0.179580 -0.195640 -0.048507 -0.151832
0.146761 -0.007675 -0.177538 0.147171 -0.044301 -0.189426 -0.109332 -0.009187 -0.179066 -0.190530 -0.049646 -0.153602
0.144861 -0.011060 -0.177077 0.146105 -0.046157 -0.188365 -0.111183 -0.012448 -0.178487 -0.185383 -0.050637 -0.155598
0.142986 -0.013889 -0.176710 0.145589 -0.047786 -0.186995 -0.113033 -0.015156 -0.177991 -0.180429 -0.051675 -0.157777
0.141128 -0.016228 -0.176412 0.145578 -0.049338 -0.185496 -0.114879 -0.017379 -0.177559 -0.175630 -0.052658 -0.160129
0.139279 -0.018129 -0.176183 0.146075 -0.050752 -0.183843 -0.116723 -0.019164 -0.177184 -0.170987 -0.053519 -0.162618
0.137435 -0.019632 -0.176021 0.147082 -0.051989 -0.182023 -0.118566 -0.020550 -0.176863 -0.166521 -0.054211 -0.165194
0.135593 -0.020767 -0.175926 0.148591 -0.053022 -0.180031 -0.120407 -0.021570 -0.176596 -0.162272 -0.054701 -0.167803
0.133753 -0.021559 -0.175894 0.150587 -0.053833 -0.177874 -0.122248 -0.022244 -0.176380 -0.158284 -0.054968 -0.170390
0.131914 -0.022024 -0.175920 0.153045 -0.054408 -0.175564 -0.124088 -0.022590 -0.176216 -0.154608 -0.055000 -0.172910
0.130074 -0.022169 -0.176000 0.155933 -0.054740 -0.173124 -0.125928 -0.022615 -0.176106 -0.151292 -0.054792 -0.175321
0.128235 -0.021997 -0.176133 0.159211 -0.054825 -0.170582 -0.127768 -0.022322 -0.176050 -0.148381 -0.054342 -0.177592
0.126394 -0.021503 -0.176317 0.162833 -0.054665 -0.167979 -0.129609 -0.021705 -0.176053 -0.145914 -0.053657 -0.179700
0.124551 -0.020674 -0.176552 0.166753 -0.054267 -0.165358 -0.131451 -0.020751 -0.176120 -0.143923 -0.052748 -0.181629
0.122707 -0.019493 -0.176840 0.170923 -0.053643 -0.162771 -0.133295 -0.019443 -0.176255 -0.142434 -0.051630 -0.183372
0.120861 -0.017932 -0.177184 0.175304 -0.052816 -0.160271 -0.135141 -0.017752 -0.176466 -0.141465 -0.050327 -0.184928
0.119011 -0.015956 -0.177590 0.179867 -0.051817 -0.157911 -0.136990 -0.015646 -0.176761 -0.141037 -0.048876 -0.186306
0.117159 -0.013523 -0.178066 0.184602 -0.050697 -0.155733 -0.138842 -0.013080 -0.177148 -0.141170 -0.047328 -0.187521
0.115302 -0.010578 -0.178620 0.189524 -0.049526 -0.153759 -0.140698 -0.010002 -0.177637 -0.141899 -0.045763 -0.188597
0.113432 -0.007037 -0.179264 0.194709 -0.048434 -0.151974 -0.142568 -0.006350 -0.178256 -0.142798 -0.042834 -0.189307
