0.003058 0.011979 0.017894 0.012631 0.305895 0.303639 0.296980 0.304799 -0.028662 -0.018537 -0.010985 -0.021010
0.003057 0.012030 0.017868 0.012681 0.305092 0.302736 0.298060 0.305854 -0.026554 -0.016379 -0.013017 -0.023092
0.004376 0.055006 0.017058 0.013671 0.302519 0.314458 0.301211 0.309843 -0.013172 -0.216481 -0.011356 -0.022876
0.006958 0.140914 0.015528 0.015677 0.299188 0.328998 0.305634 0.316020 0.009398 -0.626043 -0.003890 -0.018217
0.008246 0.186878 0.014659 0.016997 0.297655 0.303060 0.309824 0.321178 0.023238 -0.855214 -0.000969 -0.016810
0.008295 0.194297 0.014433 0.017551 0.297987 0.235155 0.313979 0.325486 0.028774 -0.905735 -0.002602 -0.018644
0.008268 0.204196 0.014230 0.018204 0.298773 0.145608 0.318964 0.330671 0.035009 -0.964766 -0.004239 -0.020480
0.008064 0.215690 0.013954 0.018832 0.299908 0.038782 0.324628 0.336585 0.041570 -1.023370 -0.006155 -0.022520
0.007709 0.227850 0.013678 0.019383 0.301369 -0.082719 0.330919 0.343102 0.048225 -1.074329 -0.008552 -0.024917
0.007176 0.239791 0.013453 0.019883 0.303084 -0.217103 0.337738 0.350098 0.054751 -1.111707 -0.011532 -0.027793
0.006393 0.250727 0.013254 0.020282 0.305076 -0.362645 0.345062 0.357545 0.060970 -1.130652 -0.015246 -0.031275
0.005408 0.259780 0.013131 0.020557 0.307371 -0.517291 0.352886 0.365468 0.066735 -1.127196 -0.019817 -0.035442
0.004248 0.266116 0.013112 0.020754 0.309942 -0.678422 0.361138 0.373769 0.071996 -1.098241 -0.025297 -0.040389
0.002937 0.268978 0.013266 0.020851 0.312812 -0.842791 0.369816 0.382422 0.076698 -1.041663 -0.031735 -0.046169
0.001501 0.267585 0.013574 0.020851 0.315909 -1.006697 0.378822 0.391422 0.080749 -0.956314 -0.039206 -0.052834
-0.000006 0.261308 0.014086 0.020824 0.319155 -1.166045 0.388101 0.400600 0.084244 -0.842081 -0.047709 -0.060431
-0.001486 0.249553 0.014847 0.020722 0.322547 -1.316604 0.397598 0.409922 0.087135 -0.700044 -0.057196 -0.068960
-0.002912 0.231920 0.015837 0.020594 0.325963 -1.454468 0.407142 0.419263 0.089423 -0.532417 -0.067657 -0.078414
-0.004186 0.208260 0.017079 0.020469 0.329277 -1.576135 0.416581 0.428449 0.091158 -0.342577 -0.078970 -0.088700
-0.005282 0.178431 0.018548 0.020343 0.332479 -1.678801 0.425762 0.437374 0.092368 -0.134861 -0.091032 -0.099758
-0.006147 0.142493 0.020241 0.020220 0.335426 -1.760761 0.434606 0.445866 0.093127 0.085523 -0.103690 -0.111437
-0.006707 0.100587 0.022156 0.020124 0.337998 -1.821299 0.442915 0.453793 0.093484 0.312615 -0.116719 -0.123539
-0.006939 0.052701 0.024224 0.020152 0.340240 -1.860836 0.450590 0.461016 0.093545 0.539985 -0.129902 -0.135879
-0.006740 -0.001409 0.026395 0.020292 0.342130 -1.881204 0.457588 0.467512 0.093395 0.760878 -0.142943 -0.148225
-0.016244 -0.055362 0.018402 0.010706 0.341521 -1.880538 0.460734 0.470763 0.093049 0.967326 -0.153306 -0.159213
-0.136125 -0.039676 -0.109816 -0.110807 0.313695 -1.806179 0.169818 0.444128 0.089134 1.143841 0.220306 -0.168045
-0.236066 -0.032894 -0.241281 -0.217037 0.294814 -1.722192 -0.327537 0.434929 0.087232 1.305271 0.873540 -0.196756
-0.208568 -0.093988 -0.252915 -0.195058 0.306928 -1.680302 -0.565476 0.461691 0.091238 1.464173 1.161087 -0.231283
-0.173981 -0.138543 -0.246095 -0.162309 0.315856 -1.619643 -0.636379 0.479984 0.096504 1.604037 1.188670 -0.250582
-0.138821 -0.166269 -0.229413 -0.129090 0.324186 -1.543947 -0.720801 0.498363 0.103581 1.720133 1.221230 -0.269256
-0.102083 -0.180002 -0.204036 -0.094424 0.331959 -1.458176 -0.813541 0.517005 0.112732 1.810205 1.253210 -0.287332
-0.062882 -0.181741 -0.170319 -0.057427 0.339177 -1.366195 -0.910468 0.536065 0.124083 1.873526 1.279436 -0.304884
-0.020290 -0.173004 -0.128171 -0.017321 0.345925 -1.270870 -1.008156 0.555781 0.137720 1.910774 1.295255 -0.322082
0.026551 -0.154987 -0.077351 0.026699 0.352249 -1.174401 -1.103769 0.576509 0.153909 1.923883 1.296623 -0.339236
0.078528 -0.128860 -0.017865 0.075443 0.358144 -1.078454 -1.194856 0.598654 0.172896 1.915801 1.280315 -0.356848
0.136609 -0.095897 0.049833 0.129671 0.363633 -0.984313 -1.279250 0.622697 0.195033 1.890335 1.243906 -0.375703
0.201779 -0.057518 0.124542 0.190184 0.368600 -0.893081 -1.355261 0.649295 0.220869 1.852205 1.185772 -0.396880
0.275116 -0.015585 0.203951 0.257771 0.372779 -0.805797 -1.421584 0.679245 0.251110 1.806782 1.105064 -0.421770
0.357825 0.027354 0.284320 0.333248 0.375834 -0.723594 -1.477360 0.713501 0.286760 1.759976 1.001600 -0.452274
0.451362 0.067828 0.359993 0.417570 0.377206 -0.647839 -1.522376 0.753246 0.329140 1.718088 0.875658 -0.490823
0.557297 0.100710 0.422741 0.511615 0.376007 -0.580394 -1.556970 0.799875 0.380107 1.687457 0.727619 -0.540445
0.677536 0.118335 0.460857 0.616482 0.371066 -0.524018 -1.582104 0.855162 0.442072 1.674167 0.557528 -0.604954
0.820423 0.163663 0.460390 0.737037 0.355587 -0.409575 -1.608483 0.916635 0.523629 1.509191 0.364504 -0.682550
0.860793 0.499462 0.477463 0.760705 0.264285 0.222554 -1.548089 0.857146 0.594915 0.103670 0.139775 -0.644356
0.640125 0.611085 0.636339 0.553342 0.175238 0.703330 -1.352838 0.701004 0.568025 -0.846276 -0.113815 -0.497811
0.456303 0.424587 0.785968 0.387794 0.164725 0.644098 -1.186439 0.637720 0.520452 -0.489128 -0.358895 -0.431850
0.470068 0.432721 0.831431 0.402135 0.154646 0.643145 -1.086281 0.642118 0.536715 -0.402923 -0.572450 -0.440807
0.728588 0.662541 0.824587 0.631193 0.076725 0.617231 -1.174068 0.670401 0.646061 -0.318609 -0.742760 -0.530747
0.901364 1.001027 0.748307 0.974890 0.350232 0.580710 -1.340939 0.735770 0.215435 -0.162313 -0.883691 -0.685513
0.647754 1.010583 0.695989 1.004381 0.869258 0.576753 -1.173542 0.786824 -0.690343 -0.059078 -1.036873 -0.746162
0.441521 0.816056 0.660328 0.826859 0.977431 0.591188 -0.835005 0.792878 -1.083893 -0.066308 -1.191758 -0.716095
0.389997 0.658816 0.595965 0.679211 0.862725 0.601677 -0.570198 0.780597 -1.123056 -0.104451 -1.322433 -0.674657
0.328162 0.518586 0.513663 0.547062 0.783569 0.615333 -0.348828 0.766541 -1.179753 -0.147174 -1.424158 -0.626715
0.257907 0.391259 0.420066 0.426575 0.723533 0.630410 -0.161910 0.751963 -1.248474 -0.191312 -1.494485 -0.576844
0.180620 0.273966 0.320449 0.314768 0.670918 0.646157 -0.003868 0.737176 -1.323007 -0.236421 -1.533284 -0.526492
0.097167 0.164234 0.218849 0.208997 0.617144 0.662219 0.128970 0.722144 -1.397061 -0.282639 -1.542186 -0.476237
0.008084 0.059677 0.118121 0.106794 0.555669 0.678373 0.239455 0.706803 -1.464498 -0.330064 -1.524059 -0.426395
-0.086175 -0.042109 0.020099 0.005675 0.481408 0.694459 0.330315 0.691206 -1.519615 -0.378493 -1.482687 -0.377262
-0.185043 -0.143455 -0.074077 -0.096773 0.390255 0.710262 0.404648 0.675498 -1.557255 -0.427613 -1.422584 -0.329298
-0.287545 -0.246822 -0.163724 -0.203006 0.278803 0.725582 0.466400 0.659825 -1.572848 -0.476870 -1.348869 -0.283076
-0.392218 -0.354859 -0.248433 -0.315607 0.143904 0.740204 0.520615 0.644546 -1.562549 -0.525383 -1.267117 -0.239353
-0.496847 -0.470271 -0.327738 -0.437277 -0.017904 0.753834 0.574001 0.630130 -1.523383 -0.571975 -1.183269 -0.199253
-0.598370 -0.596025 -0.400939 -0.570904 -0.210938 0.766046 0.635667 0.617195 -1.453577 -0.614974 -1.103401 -0.164385
-0.692950 -0.735372 -0.466978 -0.719662 -0.441522 0.776193 0.718186 0.606600 -1.353002 -0.651986 -1.033265 -0.136970
-0.776036 -0.891803 -0.524430 -0.886923 -0.719496 0.783357 0.839428 0.599307 -1.223710 -0.679689 -0.977573 -0.120075
-0.842451 -1.072165 -0.643757 -1.080655 -1.066208 0.783784 0.912135 0.594561 -1.070658 -0.696342 -0.853393 -0.122241
-0.895459 -1.134000 -0.987323 -1.160860 -1.341603 0.751117 0.455551 0.600527 -0.911794 -0.659215 -0.218206 -0.214490
-0.933043 -0.844619 -0.951582 -0.881026 -1.242844 0.685045 0.073664 0.628238 -0.768699 -0.525970 0.409616 -0.387246
-0.918116 -0.538637 -0.610879 -0.574947 -1.090620 0.643490 0.162125 0.650040 -0.611963 -0.425350 0.539838 -0.493664
-0.861091 -0.486785 -0.557667 -0.526066 -1.182206 0.636288 0.182701 0.654793 -0.414432 -0.412376 0.572868 -0.524673
-0.775616 -0.541683 -0.615620 -0.589294 -1.314949 0.650176 0.200211 0.679352 -0.189527 -0.423054 0.558539 -0.578907
-0.634503 -0.714311 -0.793963 -0.559191 -1.504507 0.770995 0.283167 0.369508 0.049835 -0.520126 0.545957 0.060960
-0.560179 -0.768197 -0.836398 -0.346219 -1.614951 0.857272 0.377182 -0.180951 0.274275 -0.574338 0.484288 1.137008
-0.556285 -0.656492 -0.702197 -0.230524 -1.601376 0.812814 0.400937 -0.416777 0.469633 -0.514922 0.392581 1.537592
-0.515786 -0.567497 -0.600152 -0.234272 -1.588867 0.767405 0.402745 -0.459260 0.643087 -0.462976 0.335884 1.557704
-0.457653 -0.490383 -0.513345 -0.225446 -1.563406 0.730481 0.402588 -0.515730 0.795276 -0.424207 0.292077 1.591895
-0.391861 -0.424631 -0.439799 -0.211737 -1.524138 0.700157 0.402428 -0.582028 0.925924 -0.393651 0.256193 1.635395
-0.325313 -0.369537 -0.378151 -0.198221 -1.470871 0.675196 0.402852 -0.655468 1.034598 -0.368645 0.225902 1.682831
-0.262812 -0.324478 -0.327406 -0.188216 -1.404146 0.654722 0.404020 -0.734143 1.121129 -0.347421 0.199938 1.728754
-0.207528 -0.288942 -0.286817 -0.183958 -1.325220 0.638029 0.406038 -0.816567 1.185905 -0.328744 0.177450 1.767999
-0.161266 -0.262500 -0.255725 -0.186776 -1.235822 0.624539 0.409057 -0.901621 1.230042 -0.311580 0.157791 1.795858
-0.124899 -0.244827 -0.233646 -0.197313 -1.138109 0.613830 0.413210 -0.988290 1.255601 -0.295068 0.140401 1.808238
-0.098454 -0.235668 -0.220190 -0.215708 -1.034722 0.605539 0.418727 -1.075525 1.265498 -0.278648 0.124800 1.801790
-0.081205 -0.234834 -0.214994 -0.241586 -0.928682 0.599389 0.425871 -1.162295 1.263469 -0.261890 0.110462 1.773978
-0.071820 -0.242194 -0.217836 -0.274087 -0.823573 0.595218 0.434860 -1.247579 1.254015 -0.244466 0.096827 1.723069
-0.068284 -0.257728 -0.228581 -0.311861 -0.723728 0.592940 0.446073 -1.330197 1.242109 -0.226180 0.083319 1.648199
-0.067805 -0.281424 -0.247172 -0.353056 -0.634618 0.592527 0.459950 -1.409004 1.232962 -0.206905 0.069311 1.549398
-0.066461 -0.313377 -0.273617 -0.395232 -0.563537 0.594034 0.477012 -1.483047 1.231527 -0.186536 0.054060 1.427484
-0.102024 -0.361964 -0.313699 -0.432892 -0.404344 0.592702 0.497726 -1.553585 1.015735 -0.152315 0.037597 1.284382
-0.260852 -0.403039 -0.340923 -0.478687 0.132737 0.564807 0.503588 -1.605413 0.152380 -0.080465 0.027950 1.118121
-0.369865 -0.398423 -0.329384 -0.542753 0.535810 0.533231 0.494465 -1.627972 -0.295572 -0.031943 0.022453 0.929427
-0.354250 -0.382126 -0.313810 -0.609589 0.525382 0.522705 0.492002 -1.633846 -0.033094 -0.024235 0.013713 0.728893
-0.363512 -0.396688 -0.325355 -0.670471 0.511643 0.510746 0.497261 -1.627752 0.050589 -0.001414 0.000316 0.527393
-0.545878 -0.604463 -0.510795 -0.640615 0.476484 0.464407 0.541132 -1.672670 0.122369 0.098543 -0.078922 0.346395
-0.800787 -0.672786 -0.772191 -0.538029 0.415375 0.505130 0.608828 -1.726848 0.241592 -0.166357 -0.198629 0.174678
-0.806454 -0.448791 -0.785660 -0.509411 0.377131 0.572052 0.627802 -1.658016 0.306476 -0.672434 -0.233597 -0.023245
-0.662215 -0.338661 -0.646777 -0.519346 0.376219 0.497365 0.607817 -1.519669 0.289303 -0.842707 -0.201142 -0.231443
-0.539331 -0.309757 -0.528103 -0.495876 0.384349 0.373980 0.585002 -1.385455 0.257609 -0.876584 -0.163058 -0.423006
-0.429967 -0.265309 -0.422736 -0.449924 0.394770 0.251030 0.561921 -1.248194 0.225833 -0.920313 -0.122830 -0.591059
-0.331092 -0.209783 -0.327458 -0.388298 0.406368 0.125509 0.539765 -1.106428 0.194727 -0.966616 -0.083003 -0.730917
-0.240454 -0.146154 -0.239827 -0.316462 0.418974 -0.004594 0.518868 -0.960763 0.163751 -1.008699 -0.044344 -0.840088
-0.156072 -0.076409 -0.157620 -0.238763 0.432649 -0.140460 0.499330 -0.812923 0.132188 -1.040272 -0.007020 -0.917932
-0.076050 -0.001940 -0.078819 -0.158575 0.447520 -0.282483 0.481152 -0.665141 0.099605 -1.055853 0.028945 -0.965364
0.001503 0.076005 -0.001490 -0.078462 0.463713 -0.430284 0.464310 -0.519573 0.065814 -1.050533 0.063537 -0.984515
0.078545 0.156011 0.076346 -0.000369 0.481204 -0.582690 0.448814 -0.377900 0.030738 -1.020210 0.096756 -0.978593
0.156994 0.236385 0.156636 0.074130 0.499977 -0.737982 0.434716 -0.241151 -0.005521 -0.961808 0.128502 -0.951728
0.238883 0.314799 0.241322 0.143606 0.519921 -0.894140 0.422004 -0.109436 -0.042682 -0.873214 0.158634 -0.908708
0.326449 0.388205 0.332513 0.206454 0.540794 -1.049071 0.410778 0.018164 -0.080278 -0.753658 0.186912 -0.854940
0.422002 0.452705 0.432407 0.260351 0.562163 -1.201335 0.401308 0.143616 -0.117497 -0.603901 0.212827 -0.796347
0.528135 0.503244 0.543369 0.301857 0.583420 -1.350766 0.393947 0.270137 -0.153082 -0.426470 0.235606 -0.739145
0.647769 0.533476 0.668055 0.325647 0.603716 -1.499314 0.389203 0.402498 -0.185334 -0.226126 0.254064 -0.689692
0.785366 0.533737 0.810012 0.433242 0.622826 -1.654747 0.389812 0.501612 -0.212797 -0.009950 0.263645 -0.626038
0.767079 0.561141 0.795612 0.658848 0.603509 -1.728604 0.424368 0.484519 -0.172051 0.194746 0.195061 -0.405984
0.506173 0.637890 0.540346 0.595337 0.536562 -1.663931 0.483568 0.472807 -0.057728 0.372768 0.054395 -0.129225
0.323859 0.648851 0.362913 0.394239 0.496437 -1.617781 0.516061 0.515725 0.006790 0.559385 -0.028797 0.007080
0.310987 0.588715 0.352003 0.381916 0.493547 -1.634216 0.526625 0.528034 0.013531 0.764821 -0.051397 0.037641
0.325239 0.524439 0.367824 0.395400 0.496064 -1.640106 0.540966 0.542146 0.019123 0.968272 -0.072219 0.010478
0.340695 0.462138 0.244131 0.403020 0.506319 -1.629967 0.144902 0.576141 0.024805 1.159543 0.444666 -0.062667
0.318229 0.416394 0.068827 0.367543 0.501109 -1.586973 -0.379854 0.603114 0.038785 1.327399 1.116878 -0.144272
0.277653 0.378447 0.036191 0.317903 0.479402 -1.522408 -0.523464 0.602857 0.057543 1.470558 1.264427 -0.187556
0.249503 0.336673 0.042782 0.283506 0.461692 -1.454671 -0.585046 0.600408 0.073085 1.591272 1.273399 -0.214903
0.229235 0.296230 0.046786 0.257799 0.447332 -1.382009 -0.667741 0.600181 0.087264 1.687787 1.286012 -0.237819
0.216896 0.259567 0.052940 0.240499 0.435694 -1.305155 -0.763157 0.602070 0.101017 1.759447 1.298439 -0.257908
0.212510 0.228516 0.064569 0.231505 0.426312 -1.225040 -0.865150 0.605964 0.114971 1.806392 1.306243 -0.276108
0.216152 0.204352 0.083960 0.230807 0.418840 -1.142725 -0.969044 0.611838 0.129609 1.829671 1.304962 -0.293063
0.228076 0.187850 0.112562 0.238475 0.413034 -1.059215 -1.071164 0.619833 0.145439 1.831166 1.290556 -0.309290
0.248494 0.179326 0.151058 0.254631 0.408611 -0.975469 -1.168427 0.630187 0.162908 1.813636 1.259638 -0.325350
0.277816 0.178626 0.199376 0.279529 0.405371 -0.892481 -1.258195 0.643209 0.182507 1.780732 1.209578 -0.341895
0.316562 0.185139 0.256541 0.313461 0.403074 -0.811247 -1.338354 0.659359 0.204838 1.736810 1.138607 -0.359877
0.365259 0.197666 0.320480 0.356736 0.401414 -0.732804 -1.407178 0.679290 0.230569 1.686904 1.045788 -0.380567
0.424704 0.214344 0.387837 0.409810 0.400007 -0.658328 -1.463428 0.703748 0.260582 1.636663 0.930900 -0.405501
0.495909 0.232413 0.453543 0.473241 0.398348 -0.589234 -1.506527 0.733671 0.296032 1.592160 0.794304 -0.436722
0.579994 0.247697 0.510412 0.547635 0.395706 -0.527301 -1.536553 0.770285 0.338438 1.559692 0.636662 -0.476873
0.678467 0.253980 0.548432 0.633815 0.391138 -0.474977 -1.554271 0.815069 0.389761 1.545419 0.458342 -0.529201
0.811061 0.373749 0.546889 0.746223 0.366085 -0.222424 -1.574324 0.852686 0.465947 1.032934 0.259106 -0.576215
0.771608 0.564201 0.631420 0.695015 0.271116 0.343878 -1.475496 0.760710 0.508029 -0.210157 0.030941 -0.509579
0.596087 0.576831 0.792251 0.525404 0.195570 0.671665 -1.300827 0.645320 0.495229 -0.753363 -0.211694 -0.415248
0.538127 0.514246 0.887152 0.472233 0.188370 0.662305 -1.179891 0.637317 0.495934 -0.510317 -0.438488 -0.409673
0.608280 0.572914 0.941210 0.535719 0.161922 0.654996 -1.109276 0.647108 0.534955 -0.428600 -0.635736 -0.437001
0.969532 0.896832 0.912446 0.858469 0.061333 0.620192 -1.266674 0.681472 0.673184 -0.329206 -0.789802 -0.552451
0.984845 1.172833 0.836466 1.145556 0.485213 0.591642 -1.349256 0.748450 0.012981 -0.173200 -0.931250 -0.688547
0.618882 1.078816 0.796292 1.073617 0.999988 0.593737 -1.078261 0.793149 -0.910307 -0.084816 -1.090105 -0.726321
0.501315 0.880166 0.751314 0.888644 0.944442 0.600642 -0.749447 0.793016 -1.082299 -0.095856 -1.242415 -0.704477
0.443180 0.711868 0.678302 0.729715 0.830684 0.610295 -0.486665 0.781792 -1.123224 -0.129755 -1.369531 -0.666414
0.373992 0.561711 0.586931 0.587483 0.751196 0.623154 -0.268717 0.768429 -1.180742 -0.169320 -1.466519 -0.621096
0.296080 0.425558 0.484223 0.457977 0.689656 0.637598 -0.086316 0.754162 -1.249269 -0.211554 -1.531391 -0.572880
0.211127 0.300360 0.375763 0.337995 0.634437 0.652914 0.066333 0.739293 -1.322554 -0.255865 -1.564397 -0.523282
0.120184 0.183418 0.265707 0.224698 0.577069 0.668710 0.193167 0.723889 -1.394196 -0.302146 -1.567579 -0.473051
0.023898 0.072177 0.157005 0.115409 0.511167 0.684749 0.297389 0.708024 -1.458093 -0.350219 -1.544126 -0.422735
-0.077129 -0.035897 0.051634 0.007464 0.431757 0.700790 0.382023 0.691768 -1.508569 -0.399646 -1.498101 -0.372829
-0.182158 -0.143438 -0.049276 -0.101726 0.334933 0.716564 0.450593 0.675370 -1.540419 -0.449892 -1.434362 -0.323948
-0.290036 -0.253092 -0.145035 -0.214835 0.217335 0.731842 0.507434 0.659083 -1.549160 -0.500201 -1.358196 -0.276887
-0.399045 -0.367591 -0.235105 -0.334626 0.075754 0.746329 0.558166 0.643291 -1.531044 -0.549509 -1.275429 -0.232608
-0.506634 -0.489911 -0.318975 -0.463947 -0.093303 0.759659 0.610245 0.628605 -1.483246 -0.596373 -1.192168 -0.192493
-0.609435 -0.623203 -0.395832 -0.605926 -0.294593 0.771345 0.673726 0.615682 -1.404323 -0.638849 -1.114456 -0.158402
-0.703280 -0.770900 -0.464496 -0.763883 -0.535198 0.780669 0.762642 0.605392 -1.294598 -0.674225 -1.047887 -0.132840
-0.783167 -0.936649 -0.523628 -0.941359 -0.826128 0.786474 0.897145 0.598896 -1.156876 -0.698779 -0.996705 -0.119308
-0.843203 -1.132053 -0.748993 -1.152922 -1.199378 0.780809 0.828126 0.591916 -0.996706 -0.713758 -0.753086 -0.133128
-0.896181 -1.117111 -1.031798 -1.154882 -1.396601 0.737773 0.356884 0.604483 -0.839613 -0.647906 -0.069203 -0.251906
-0.933616 -0.764101 -0.859827 -0.806643 -1.226796 0.673075 0.097418 0.635454 -0.698299 -0.504801 0.458920 -0.421699
-0.909735 -0.504850 -0.574787 -0.546433 -1.122010 0.640936 0.167487 0.650339 -0.534068 -0.429628 0.552986 -0.502698
-0.847276 -0.476713 -0.547048 -0.521327 -1.229545 0.636503 0.183347 0.654481 -0.330230 -0.422081 0.570336 -0.528642
-0.730613 -0.579762 -0.656722 -0.639678 -1.384323 0.675001 0.209127 0.706823 -0.100264 -0.453307 0.564199 -0.617994
-0.596300 -0.731697 -0.809169 -0.519284 -1.549728 0.794554 0.300612 0.248255 0.137574 -0.550133 0.535716 0.290260
-0.550313 -0.726242 -0.786613 -0.255711 -1.615986 0.848278 0.383062 -0.332826 0.354261 -0.576653 0.457194 1.395097
-0.534062 -0.625574 -0.667862 -0.231733 -1.607687 0.798880 0.393937 -0.424757 0.543456 -0.513917 0.381585 1.523487
-0.488398 -0.540055 -0.570584 -0.231182 -1.591055 0.756260 0.394794 -0.470603 0.710904 -0.466339 0.329369 1.547473
-0.427936 -0.466212 -0.487834 -0.220563 -1.561210 0.721440 0.394360 -0.530070 0.856869 -0.430279 0.288362 1.584588
-0.361758 -0.403485 -0.417795 -0.206585 -1.517568 0.692764 0.394094 -0.599138 0.980992 -0.401543 0.254511 1.629794
-0.296207 -0.351184 -0.359284 -0.193769 -1.460194 0.669110 0.394438 -0.675117 1.082913 -0.377773 0.225812 1.677606
-0.235664 -0.308661 -0.311358 -0.185085 -1.389848 0.649678 0.395580 -0.756135 1.162555 -0.357425 0.201108 1.722564
-0.182887 -0.275423 -0.273279 -0.182409 -1.307862 0.633801 0.397586 -0.840689 1.220497 -0.339303 0.179696 1.759536
-0.139428 -0.251104 -0.244481 -0.186869 -1.216112 0.620955 0.400566 -0.927651 1.258114 -0.322415 0.160928 1.783895
-0.105938 -0.235368 -0.224440 -0.199002 -1.116896 0.610734 0.404718 -1.015953 1.277688 -0.306036 0.144273 1.791725
-0.082207 -0.227961 -0.212788 -0.218827 -1.012840 0.602808 0.410236 -1.104463 1.282389 -0.289621 0.129289 1.779840
-0.067390 -0.228704 -0.209239 -0.245853 -0.907071 0.596958 0.417350 -1.192177 1.276133 -0.272800 0.115448 1.745872
-0.060017 -0.237485 -0.213537 -0.279169 -0.803217 0.593029 0.426359 -1.277936 1.263606 -0.255318 0.102201 1.688299
-0.057900 -0.254274 -0.225570 -0.317338 -0.705688 0.590993 0.437626 -1.360527 1.249953 -0.237012 0.089022 1.606518
-0.058047 -0.279068 -0.245290 -0.358442 -0.620183 0.590795 0.451531 -1.438857 1.240411 -0.217827 0.075257 1.500778
-0.056325 -0.311965 -0.272689 -0.399992 -0.554260 0.592577 0.468678 -1.511865 1.239953 -0.197645 0.060181 1.372120
-0.134375 -0.369935 -0.319467 -0.434127 -0.282798 0.586170 0.489063 -1.583131 0.788612 -0.150250 0.044450 1.223169
-0.285991 -0.397162 -0.334133 -0.485147 0.246578 0.554370 0.488664 -1.625726 -0.017575 -0.081408 0.036228 1.049485
-0.353167 -0.379802 -0.313011 -0.552620 0.528588 0.526628 0.477456 -1.638939 -0.216370 -0.047114 0.030772 0.855084
-0.345977 -0.373891 -0.306923 -0.615012 0.519732 0.518470 0.478588 -1.642182 -0.015648 -0.036723 0.021721 0.652803
-0.369293 -0.404156 -0.332653 -0.669758 0.504347 0.503989 0.486559 -1.634430 0.048656 -0.007533 0.004003 0.452005
-0.607623 -0.674789 -0.574426 -0.607675 0.462132 0.446345 0.544540 -1.703107 0.131885 0.118103 -0.099314 0.277295
-0.826835 -0.643193 -0.801125 -0.511918 0.401625 0.507837 0.607440 -1.740075 0.251473 -0.270988 -0.209053 0.101931
-0.760932 -0.355237 -0.742736 -0.508366 0.373841 0.561339 0.609809 -1.632897 0.293442 -0.794565 -0.214931 -0.102797
-0.625454 -0.326340 -0.611655 -0.506989 0.377554 0.444264 0.588579 -1.492703 0.265902 -0.839924 -0.181545 -0.306958
-0.507186 -0.293581 -0.497437 -0.476874 0.386390 0.321295 0.564820 -1.354094 0.233622 -0.876107 -0.141949 -0.492514
-0.401470 -0.246280 -0.395480 -0.426399 0.397040 0.197037 0.541283 -1.212749 0.201838 -0.920062 -0.101184 -0.652912
-0.305517 -0.188547 -0.302884 -0.361933 0.408765 0.069081 0.518879 -1.067690 0.170693 -0.964596 -0.061130 -0.784069
-0.217164 -0.123127 -0.217239 -0.288593 0.421469 -0.064093 0.497760 -0.919797 0.139499 -1.003003 -0.022325 -0.884024
-0.134532 -0.051813 -0.136442 -0.210451 0.435254 -0.203220 0.478001 -0.770936 0.107617 -1.029250 0.015170 -0.952591
-0.055709 0.023994 -0.058475 -0.130588 0.450294 -0.348347 0.459600 -0.623318 0.074613 -1.037941 0.051306 -0.991067
0.021226 0.102985 0.018610 -0.051350 0.466641 -0.498710 0.442535 -0.478923 0.040327 -1.024439 0.086060 -1.001897
0.098191 0.183700 0.096709 0.025435 0.484323 -0.652863 0.426828 -0.339209 0.004733 -0.984956 0.119479 -0.988613
0.177104 0.264230 0.177814 0.098298 0.503266 -0.808848 0.412432 -0.204849 -0.032026 -0.916566 0.151462 -0.955515
0.260082 0.342140 0.263917 0.165873 0.523297 -0.964373 0.399469 -0.075585 -0.069672 -0.817606 0.181789 -0.907613
0.349320 0.414138 0.357136 0.226500 0.544162 -1.117361 0.388065 0.049877 -0.107628 -0.687721 0.210207 -0.850551
0.447213 0.476023 0.459619 0.277794 0.565437 -1.266413 0.378446 0.174066 -0.144970 -0.528048 0.236139 -0.790306
0.556456 0.522483 0.573859 0.315989 0.586444 -1.411583 0.371038 0.300827 -0.180389 -0.341717 0.258659 -0.733162
0.679952 0.546719 0.702578 0.335377 0.606200 -1.555291 0.366469 0.435820 -0.211973 -0.134103 0.276482 -0.685480
0.823579 0.537139 0.850231 0.526798 0.625547 -1.707716 0.369297 0.495427 -0.239153 0.087363 0.282269 -0.595396
0.653959 0.439398 0.722952 0.643051 0.935137 -0.881117 0.846660 0.921566 -0.079567 -0.092220 0.111359 -0.417299
