0.329674 0.428144 0.398107 0.437716 0.798980 -0.569551 0.844491 0.863116 0.046800 -0.039239 -0.032587 -0.173769
0.341628 0.662854 0.380003 0.412821 0.500983 -1.620955 0.513559 0.512093 0.001843 0.506436 -0.018951 -0.013838
0.311499 0.607175 0.352287 0.382680 0.495531 -1.636160 0.525569 0.526711 0.011925 0.711576 -0.046271 0.040021
0.314360 0.546312 0.356368 0.384659 0.493473 -1.641571 0.535957 0.537857 0.019121 0.917169 -0.066374 0.020262
0.341528 0.478174 0.288593 0.406956 0.506435 -1.641351 0.279915 0.568772 0.022514 1.115142 0.270653 -0.040957
0.335276 0.425016 0.122971 0.388923 0.508601 -1.609943 -0.237242 0.600959 0.033054 1.291480 0.941266 -0.123407
0.286876 0.390271 0.033665 0.328958 0.485987 -1.543745 -0.513114 0.605660 0.053406 1.440642 1.266758 -0.180238
0.256522 0.348312 0.041797 0.292113 0.467176 -1.476924 -0.568246 0.602591 0.069558 1.568110 1.274391 -0.209195
0.234121 0.306978 0.045869 0.264100 0.451965 -1.404993 -0.647209 0.601803 0.084053 1.671441 1.286555 -0.233155
0.219747 0.268901 0.051096 0.244596 0.439628 -1.328629 -0.740783 0.603213 0.097903 1.749757 1.299605 -0.253945
0.213360 0.236112 0.061146 0.233499 0.429681 -1.248713 -0.842334 0.606634 0.111830 1.802998 1.309091 -0.272640
0.215038 0.210036 0.078571 0.230785 0.421746 -1.166318 -0.946840 0.612041 0.126362 1.832026 1.310471 -0.289945
0.225035 0.191544 0.105033 0.236488 0.415528 -1.082485 -1.050351 0.619564 0.141948 1.838512 1.299536 -0.306391
0.243520 0.181066 0.141381 0.250697 0.410768 -0.998186 -1.149647 0.629394 0.159069 1.825043 1.272663 -0.322525
0.270881 0.178566 0.187735 0.273666 0.407259 -0.914436 -1.241954 0.641822 0.178232 1.795146 1.226998 -0.338970
0.307635 0.183543 0.243367 0.305682 0.404750 -0.832198 -1.325009 0.657290 0.200011 1.753027 1.160563 -0.356620
0.354281 0.194923 0.306424 0.347034 0.402953 -0.752521 -1.397000 0.676422 0.225036 1.703643 1.072223 -0.376677
0.411577 0.210984 0.373820 0.398180 0.401537 -0.676585 -1.456508 0.699927 0.254164 1.652604 0.961603 -0.400629
0.480491 0.229169 0.440869 0.459632 0.399990 -0.605730 -1.502805 0.728699 0.288498 1.605957 0.828954 -0.430417
0.562135 0.245645 0.500835 0.532001 0.397608 -0.541644 -1.535843 0.763934 0.329482 1.570082 0.674923 -0.468581
0.657936 0.254638 0.544249 0.616077 0.393545 -0.486652 -1.556221 0.807082 0.378970 1.551247 0.499993 -0.518243
0.776274 0.295611 0.555506 0.717752 0.380222 -0.366063 -1.570100 0.853601 0.444336 1.364558 0.304065 -0.575490
0.798533 0.536542 0.606393 0.722788 0.292060 0.229950 -1.508118 0.787327 0.505270 0.025613 0.081036 -0.530787
0.648100 0.630328 0.753819 0.573123 0.204287 0.696363 -1.350966 0.666828 0.508024 -0.868367 -0.162171 -0.430643
0.540427 0.517657 0.876725 0.474075 0.190443 0.663894 -1.206825 0.638177 0.494702 -0.537874 -0.395880 -0.409019
0.575224 0.543625 0.937931 0.505847 0.172443 0.660051 -1.110674 0.645473 0.522109 -0.443717 -0.601632 -0.427658
0.875851 0.812897 0.930198 0.775077 0.088940 0.632723 -1.219734 0.675042 0.639295 -0.355912 -0.765095 -0.522030
1.019826 1.150552 0.851884 1.119921 0.387036 0.597219 -1.365221 0.738329 0.177057 -0.201823 -0.905421 -0.669482
0.718356 1.129406 0.802180 1.119303 0.901099 0.590958 -1.159517 0.788988 -0.723958 -0.093311 -1.061767 -0.731780
0.512293 0.917004 0.764588 0.923531 0.974297 0.601254 -0.807277 0.797072 -1.080124 -0.091020 -1.219213 -0.712240
0.456193 0.743679 0.695471 0.759971 0.851091 0.610040 -0.533094 0.786470 -1.117696 -0.123273 -1.352247 -0.676241
0.388418 0.589634 0.606373 0.614130 0.766217 0.622569 -0.306426 0.773276 -1.172877 -0.162392 -1.455585 -0.631521
0.311453 0.450372 0.504648 0.481791 0.702019 0.636881 -0.117007 0.759050 -1.240259 -0.204481 -1.526691 -0.583378
0.227149 0.322661 0.396205 0.359596 0.646000 0.652156 0.041538 0.744190 -1.313588 -0.248712 -1.565448 -0.533660
0.136648 0.203743 0.285521 0.244626 0.589138 0.667976 0.173413 0.728781 -1.386368 -0.294940 -1.573668 -0.483204
0.040660 0.091023 0.175792 0.134171 0.524661 0.684095 0.281946 0.712898 -1.452372 -0.343009 -1.554402 -0.432558
-0.060215 -0.018073 0.069123 0.025518 0.447318 0.700251 0.370192 0.696602 -1.505768 -0.392532 -1.511606 -0.382240
-0.165279 -0.126194 -0.033198 -0.083970 0.353011 0.716178 0.441580 0.680113 -1.541187 -0.442990 -1.450086 -0.332856
-0.273441 -0.236008 -0.130394 -0.196966 0.238270 0.731647 0.500367 0.663687 -1.553983 -0.493651 -1.375141 -0.285159
-0.383052 -0.350256 -0.221948 -0.316250 0.099849 0.746365 0.552008 0.647688 -1.540225 -0.543497 -1.292570 -0.240099
-0.491683 -0.471920 -0.307334 -0.444696 -0.065709 0.759980 0.603689 0.632709 -1.496900 -0.591123 -1.208520 -0.199003
-0.596066 -0.604146 -0.385782 -0.585407 -0.262951 0.772022 0.665129 0.619384 -1.422326 -0.634657 -1.129147 -0.163650
-0.692080 -0.750379 -0.456170 -0.741728 -0.498626 0.781810 0.749841 0.608579 -1.316482 -0.671492 -1.060226 -0.136492
-0.774774 -0.914265 -0.517143 -0.917218 -0.783166 0.788242 0.877146 0.601437 -1.181805 -0.698009 -1.006303 -0.120901
-0.838456 -1.104645 -0.680440 -1.122527 -1.142385 0.785725 0.897418 0.595631 -1.023629 -0.713395 -0.835739 -0.128165
-0.891812 -1.140686 -1.011494 -1.176622 -1.391636 0.748076 0.425439 0.603437 -0.863192 -0.664460 -0.170813 -0.231177
-0.933264 -0.825973 -0.929834 -0.869002 -1.268235 0.682853 0.079653 0.631919 -0.719470 -0.527774 0.431346 -0.401550
-0.918441 -0.528196 -0.599916 -0.569851 -1.127020 0.645295 0.162317 0.651288 -0.559609 -0.436088 0.547878 -0.497603
-0.858020 -0.478064 -0.548411 -0.522354 -1.217122 0.638741 0.182287 0.655855 -0.359169 -0.423981 0.572957 -0.527111
-0.755527 -0.553980 -0.628965 -0.609725 -1.359269 0.663578 0.203449 0.692540 -0.131076 -0.443941 0.562397 -0.596536
-0.613281 -0.717444 -0.795689 -0.539878 -1.536042 0.782825 0.289513 0.314105 0.108670 -0.540860 0.542535 0.163148
-0.548871 -0.745354 -0.809757 -0.305768 -1.625252 0.853684 0.377178 -0.251306 0.330495 -0.583021 0.474044 1.249590
-0.539231 -0.638549 -0.682717 -0.231153 -1.613570 0.807113 0.394729 -0.422002 0.523564 -0.522444 0.390258 1.526544
-0.495940 -0.551112 -0.582950 -0.232496 -1.598295 0.763134 0.395997 -0.466104 0.694548 -0.472690 0.335849 1.548805
-0.436394 -0.475510 -0.498120 -0.222660 -1.569822 0.727295 0.395614 -0.524570 0.843854 -0.435313 0.293531 1.584821
-0.370181 -0.411197 -0.426294 -0.208770 -1.527461 0.697811 0.395296 -0.593100 0.971171 -0.405695 0.258778 1.629600
-0.303976 -0.357466 -0.366218 -0.195623 -1.471207 0.673500 0.395572 -0.668866 1.076130 -0.381310 0.229396 1.677614
-0.242418 -0.313673 -0.316924 -0.186370 -1.401767 0.653531 0.396641 -0.749907 1.158587 -0.360530 0.204160 1.723326
-0.188458 -0.279302 -0.277631 -0.183010 -1.320419 0.637217 0.398562 -0.834653 1.219064 -0.342101 0.182298 1.761505
-0.143777 -0.253965 -0.247748 -0.186768 -1.229011 0.624003 0.401455 -0.921941 1.258876 -0.325010 0.163166 1.787396
-0.109120 -0.237314 -0.226757 -0.198228 -1.129836 0.613478 0.405516 -1.010679 1.280220 -0.308502 0.146226 1.796971
-0.084357 -0.229093 -0.214264 -0.217464 -1.025524 0.605302 0.410932 -1.099729 1.286226 -0.292006 0.131015 1.786936
-0.068681 -0.229113 -0.209970 -0.244026 -0.919173 0.599234 0.417939 -1.188083 1.280800 -0.275129 0.116998 1.754810
-0.060659 -0.237248 -0.213613 -0.277020 -0.814413 0.595115 0.426837 -1.274565 1.268611 -0.257606 0.103631 1.698977
-0.058149 -0.253465 -0.225066 -0.315057 -0.715638 0.592909 0.437968 -1.357952 1.254830 -0.239261 0.090384 1.618740
-0.058199 -0.277755 -0.244285 -0.356228 -0.628482 0.592559 0.451726 -1.437128 1.244771 -0.220034 0.076600 1.514287
-0.056727 -0.310213 -0.271248 -0.398058 -0.560418 0.594194 0.468713 -1.511014 1.243496 -0.199812 0.061554 1.386610
-0.121646 -0.365166 -0.315825 -0.433447 -0.323370 0.589269 0.489018 -1.582487 0.864374 -0.156491 0.045662 1.238155
-0.276109 -0.397052 -0.334640 -0.482815 0.210075 0.558430 0.490420 -1.628149 0.035292 -0.086292 0.036852 1.065329
-0.357038 -0.384181 -0.316937 -0.549044 0.531242 0.529395 0.479884 -1.643986 -0.244739 -0.047224 0.031234 0.871177
-0.347376 -0.375184 -0.308069 -0.612822 0.521977 0.520574 0.479909 -1.647312 -0.024431 -0.037715 0.022337 0.667862
-0.367019 -0.401338 -0.330110 -0.669333 0.507044 0.506769 0.487129 -1.639434 0.045745 -0.010213 0.005776 0.465422
-0.591478 -0.656459 -0.557974 -0.615653 0.466611 0.451990 0.541796 -1.702681 0.126402 0.109229 -0.091727 0.287813
-0.819862 -0.649082 -0.793644 -0.518305 0.406003 0.506301 0.606248 -1.744732 0.246132 -0.248620 -0.204337 0.112183
-0.771683 -0.376766 -0.753026 -0.508168 0.375723 0.559804 0.612708 -1.645931 0.293619 -0.766210 -0.217421 -0.091959
-0.633716 -0.328253 -0.619671 -0.509055 0.378396 0.451701 0.591471 -1.504037 0.268234 -0.841195 -0.183868 -0.298058
-0.513997 -0.296196 -0.504034 -0.480007 0.387123 0.327932 0.567640 -1.364611 0.235823 -0.876954 -0.144245 -0.485734
-0.407114 -0.249204 -0.400949 -0.430061 0.397773 0.203012 0.543931 -1.222558 0.203810 -0.920915 -0.103244 -0.648302
-0.310196 -0.191523 -0.307427 -0.365730 0.409528 0.074460 0.521337 -1.076774 0.172455 -0.965770 -0.062906 -0.781517
-0.221032 -0.125985 -0.221013 -0.292248 0.422268 -0.059304 0.500039 -0.928081 0.141080 -1.004713 -0.023815 -0.883308
-0.137708 -0.054437 -0.139568 -0.213774 0.436096 -0.199054 0.480113 -0.778337 0.109036 -1.031610 0.013952 -0.953419
-0.058297 0.021690 -0.061051 -0.133460 0.451186 -0.344866 0.461555 -0.629766 0.075872 -1.040973 0.050351 -0.993106
0.019147 0.101073 0.016512 -0.053710 0.467593 -0.495990 0.444347 -0.484385 0.041415 -1.028088 0.085358 -1.004811
0.096566 0.182240 0.095044 0.023615 0.485345 -0.650985 0.428509 -0.343691 0.005642 -0.989091 0.119017 -0.992076
0.175899 0.263274 0.176559 0.097022 0.504372 -0.807883 0.413992 -0.208387 -0.031313 -0.920994 0.151230 -0.959229
0.259285 0.341723 0.263069 0.165126 0.524503 -0.964370 0.400920 -0.078236 -0.069171 -0.822084 0.181776 -0.911324
0.348942 0.414277 0.356715 0.226252 0.545481 -1.118338 0.389418 0.048048 -0.107353 -0.691969 0.210401 -0.854061
0.447290 0.476702 0.459674 0.278005 0.566880 -1.268355 0.379714 0.173000 -0.144932 -0.531771 0.236529 -0.793481
0.557053 0.523641 0.574460 0.316597 0.588019 -1.414449 0.372233 0.300489 -0.180593 -0.344624 0.259229 -0.735940
0.681165 0.548233 0.703824 0.336279 0.607908 -1.559037 0.367611 0.436218 -0.212405 -0.135938 0.277204 -0.687877
0.825540 0.538802 0.852256 0.527820 0.627374 -1.712330 0.370410 0.496640 -0.239777 0.086790 0.283099 -0.597502
0.595391 0.346635 0.659564 0.573327 0.864774 -0.659111 0.778624 0.854716 -0.076639 -0.141791 0.108762 -0.403824
