-0.526422 0.295663 -0.523982 0.271801 0.870779 0.483616 -0.674996 -0.666760 -1.539515 -1.807788 1.553398 1.535677
-0.518973 0.309396 -0.515800 0.280679 0.880894 0.451334 -0.664867 -0.656698 -1.539627 -1.799674 1.553372 1.534319
-0.512757 0.322177 -0.508782 0.288314 0.890818 0.418778 -0.654454 -0.646276 -1.539441 -1.787531 1.552640 1.535123
-0.506513 0.333683 -0.501708 0.295986 0.900715 0.385888 -0.643845 -0.635630 -1.539150 -1.771211 1.551521 1.535920
-0.500182 0.344030 -0.494527 0.303700 0.910557 0.353115 -0.633015 -0.624762 -1.538676 -1.750844 1.549985 1.535934
-0.492852 0.352810 -0.490165 0.312264 0.920973 0.320234 -0.632648 -0.612879 -1.538249 -1.726605 1.562347 1.534282
-0.486771 0.361030 -0.489608 0.319257 0.930901 0.288717 -0.642505 -0.600724 -1.537354 -1.699185 1.587636 1.530998
-0.481377 0.368421 -0.488818 0.325422 0.940412 0.258484 -0.653173 -0.588653 -1.536113 -1.668979 1.613017 1.527072
-0.476511 0.374963 -0.487936 0.330942 0.949588 0.229640 -0.665235 -0.576620 -1.534572 -1.636460 1.638611 1.522630
-0.472012 0.380700 -0.486983 0.335986 0.958491 0.202284 -0.679061 -0.564580 -1.532751 -1.602122 1.664479 1.517746
-0.467721 0.385719 -0.485893 0.340725 0.967173 0.176495 -0.694866 -0.552491 -1.530656 -1.566470 1.690596 1.512472
-0.463478 0.390144 -0.484537 0.345326 0.975678 0.152335 -0.712754 -0.540315 -1.528278 -1.530002 1.716843 1.506841
-0.459119 0.394120 -0.482750 0.349957 0.984043 0.129842 -0.732740 -0.528010 -1.525601 -1.493189 1.743014 1.500874
-0.454476 0.397806 -0.480336 0.354786 0.992299 0.109036 -0.754768 -0.515533 -1.522600 -1.456461 1.768824 1.494585
-0.449378 0.401363 -0.477095 0.359985 1.000474 0.089915 -0.778726 -0.502834 -1.519239 -1.420187 1.793921 1.487973
-0.443641 0.404948 -0.472827 0.365733 1.008590 0.072459 -0.804446 -0.489860 -1.515471 -1.384655 1.817904 1.481026
-0.437073 0.408705 -0.467360 0.372212 1.016664 0.056627 -0.831726 -0.476542 -1.511238 -1.350066 1.840343 1.473708
-0.429470 0.412745 -0.460570 0.379614 1.024708 0.042358 -0.860326 -0.462803 -1.506469 -1.316510 1.860793 1.465959
-0.420610 0.417144 -0.452407 0.388139 1.032725 0.029564 -0.889986 -0.448545 -1.501072 -1.283962 1.878807 1.457683
-0.410250 0.421912 -0.442935 0.397999 1.040707 0.018129 -0.920439 -0.433655 -1.494929 -1.252271 1.893951 1.448742
-0.398124 0.426970 -0.432374 0.409419 1.048630 0.007898 -0.951420 -0.417988 -1.487892 -1.221159 1.905804 1.438940
-0.383933 0.432098 -0.421165 0.422642 1.056449 -0.001338 -0.982687 -0.401372 -1.479771 -1.190221 1.913951 1.428013
-0.367074 0.438794 -0.410153 0.438129 1.063839 -0.006745 -1.014224 -0.383844 -1.470119 -1.166576 1.917967 1.415920
-0.351991 0.453559 -0.396909 0.451554 1.068132 0.007860 -1.043012 -0.369878 -1.459560 -1.189197 1.917193 1.406781
-0.341150 0.464007 -0.380001 0.461054 1.072010 0.021110 -1.068263 -0.357171 -1.449798 -1.201311 1.911480 1.398695
-0.330374 0.474266 -0.361840 0.470517 1.075749 0.034416 -1.091285 -0.344351 -1.439772 -1.210712 1.901357 1.390420
-0.318141 0.485752 -0.342483 0.481288 1.078908 0.047512 -1.112690 -0.331352 -1.428914 -1.219060 1.887415 1.381588
-0.295340 0.506782 -0.324632 0.501520 1.079307 0.059725 -1.140075 -0.317350 -1.414200 -1.224948 1.870754 1.369539
-0.277348 0.531774 -0.308408 0.526085 1.094389 0.071401 -1.167299 -0.301819 -1.421831 -1.227133 1.851198 1.354809
-0.266606 0.551958 -0.292545 0.546292 1.115351 0.083363 -1.186455 -0.285790 -1.443158 -1.228681 1.828283 1.340268
-0.256856 0.568455 -0.277825 0.563026 1.133361 0.095451 -1.199590 -0.269936 -1.465036 -1.230773 1.802429 1.326320
-0.248358 0.581705 -0.264726 0.576691 1.149395 0.107765 -1.207779 -0.254331 -1.487866 -1.233612 1.774193 1.313218
-0.241319 0.592040 -0.253570 0.587591 1.164010 0.120354 -1.211847 -0.239005 -1.511951 -1.237269 1.744206 1.301059
-0.235900 0.599720 -0.244540 0.595962 1.177475 0.133240 -1.212459 -0.223969 -1.537476 -1.241791 1.713125 1.289883
-0.232233 0.604946 -0.237721 0.601975 1.189850 0.146440 -1.210185 -0.209237 -1.564495 -1.247218 1.681588 1.279712
-0.230434 0.607870 -0.233119 0.605747 1.201041 0.159959 -1.205523 -0.194818 -1.592931 -1.253589 1.650179 1.270555
-0.230607 0.608587 -0.230690 0.607342 1.210836 0.173804 -1.198907 -0.180721 -1.622590 -1.260938 1.619412 1.262410
-0.232843 0.607147 -0.230355 0.606768 1.218933 0.187969 -1.190715 -0.166954 -1.653162 -1.269290 1.589714 1.255265
-0.237218 0.603539 -0.232018 0.603983 1.224957 0.202451 -1.181244 -0.153517 -1.684237 -1.278658 1.561409 1.249096
-0.243781 0.597706 -0.235570 0.598890 1.228464 0.217235 -1.170700 -0.140407 -1.715321 -1.289036 1.534709 1.243859
-0.252540 0.589529 -0.240896 0.591333 1.228951 0.232305 -1.159164 -0.127609 -1.745846 -1.300397 1.509706 1.239492
-0.263448 0.578829 -0.247864 0.581102 1.225836 0.247634 -1.146553 -0.115098 -1.775197 -1.312681 1.486368 1.235899
-0.276383 0.565363 -0.256327 0.567917 1.218433 0.263186 -1.132559 -0.102834 -1.802739 -1.325784 1.464540 1.232946
-0.291131 0.548814 -0.266110 0.551433 1.205891 0.278907 -1.116559 -0.090755 -1.827856 -1.339540 1.443959 1.230439
-0.307374 0.528793 -0.277013 0.531228 1.187106 0.294716 -1.097473 -0.078777 -1.850011 -1.353704 1.424288 1.228110
-0.324669 0.504629 -0.293328 0.506532 1.160195 0.310336 -1.080663 -0.066930 -1.868802 -1.368076 1.410529 1.225313
-0.343046 0.483165 -0.317472 0.484163 1.131441 0.324639 -1.080455 -0.054639 -1.884539 -1.380282 1.417455 1.218863
-0.362000 0.471590 -0.330521 0.471771 1.109466 0.337650 -1.077476 -0.041653 -1.897580 -1.389187 1.427783 1.209251
-0.379784 0.462038 -0.341469 0.461369 1.086360 0.350451 -1.073962 -0.028588 -1.906923 -1.397726 1.439371 1.198959
-0.396321 0.452467 -0.352458 0.450877 1.060781 0.363200 -1.070185 -0.015419 -1.911947 -1.406146 1.450701 1.188166
-0.410005 0.439878 -0.366628 0.436980 1.031989 0.376994 -1.065825 -0.000886 -1.912167 -1.415484 1.461866 1.175097
-0.420852 0.423769 -0.384285 0.429282 0.999339 0.394513 -1.058604 -0.002855 -1.907600 -1.427781 1.472403 1.194692
-0.431960 0.410064 -0.399018 0.424750 0.966979 0.411141 -1.050737 -0.010938 -1.898947 -1.438804 1.480828 1.225081
-0.442421 0.398227 -0.411594 0.420036 0.934797 0.426797 -1.042815 -0.019735 -1.886658 -1.448679 1.488013 1.255754
-0.451797 0.388020 -0.422336 0.415450 0.903047 0.441666 -1.034898 -0.029582 -1.871165 -1.457712 1.494262 1.287033
-0.459877 0.379207 -0.431519 0.411130 0.872004 0.455889 -1.026991 -0.040718 -1.852904 -1.466091 1.499754 1.319147
-0.466605 0.371572 -0.439388 0.407099 0.841949 0.469579 -1.019086 -0.053306 -1.832318 -1.473940 1.504613 1.352217
-0.472036 0.364908 -0.446168 0.403305 0.813156 0.482829 -1.011168 -0.067472 -1.809858 -1.481344 1.508930 1.386251
-0.476301 0.359025 -0.452065 0.399644 0.785878 0.495720 -1.003220 -0.083303 -1.785974 -1.488361 1.512780 1.421150
-0.479574 0.353736 -0.457273 0.395984 0.760339 0.508318 -0.995225 -0.100858 -1.761096 -1.495028 1.516222 1.456711
-0.482052 0.348866 -0.461974 0.392174 0.736718 0.520680 -0.987162 -0.120180 -1.735619 -1.501361 1.519306 1.492646
-0.483939 0.344244 -0.466343 0.388055 0.715145 0.532857 -0.979005 -0.141285 -1.709887 -1.507368 1.522071 1.528590
-0.485427 0.339703 -0.470545 0.383475 0.695697 0.544892 -0.970725 -0.164169 -1.684170 -1.513042 1.524547 1.564123
-0.486686 0.335079 -0.474742 0.378294 0.678378 0.556826 -0.962287 -0.188809 -1.658655 -1.518373 1.526751 1.598783
-0.487853 0.330213 -0.479090 0.372394 0.663120 0.568697 -0.953651 -0.215152 -1.633426 -1.523346 1.528692 1.632082
-0.489012 0.324941 -0.483745 0.365692 0.649753 0.580542 -0.944768 -0.243127 -1.608462 -1.527943 1.530366 1.663532
-0.490181 0.319102 -0.488861 0.358145 0.637981 0.592399 -0.935582 -0.272637 -1.583635 -1.532147 1.531756 1.692654
-0.491281 0.312532 -0.494594 0.349770 0.627336 0.604310 -0.926020 -0.303567 -1.558722 -1.535936 1.532829 1.718997
-0.495047 0.304496 -0.501494 0.340807 0.625046 0.615970 -0.916021 -0.335937 -1.549060 -1.538407 1.533583 1.742180
-0.502326 0.296650 -0.507980 0.330457 0.635739 0.626647 -0.906403 -0.368693 -1.557310 -1.539387 1.534303 1.761610
-0.509328 0.289129 -0.514171 0.318845 0.646296 0.637146 -0.896826 -0.401696 -1.558850 -1.540296 1.534832 1.777027
-0.516221 0.281643 -0.520303 0.305944 0.656618 0.647470 -0.887207 -0.434586 -1.558288 -1.540896 1.535196 1.788324
-0.524009 0.273075 -0.527376 0.292072 0.666578 0.657417 -0.877341 -0.467273 -1.557020 -1.540704 1.535063 1.795644
-0.539880 0.255384 -0.542622 0.281318 0.675283 0.665550 -0.865535 -0.502693 -1.553232 -1.536527 1.531527 1.799837
-0.556804 0.247112 -0.559122 0.271340 0.682818 0.677669 -0.853091 -0.537063 -1.547175 -1.550649 1.526889 1.800131
-0.570747 0.240314 -0.572743 0.260991 0.690312 0.687942 -0.841027 -0.568530 -1.541487 -1.567175 1.522830 1.796159
-0.582152 0.233982 -0.583908 0.250978 0.697954 0.695737 -0.829432 -0.597224 -1.536445 -1.584297 1.519535 1.788209
-0.591307 0.228466 -0.592904 0.241791 0.705796 0.701059 -0.818321 -0.623115 -1.532054 -1.602253 1.517060 1.776729
-0.598437 0.224013 -0.599946 0.233775 0.713864 0.703857 -0.807675 -0.646126 -1.528293 -1.621134 1.515405 1.762277
-0.603715 0.220805 -0.605201 0.227162 0.722178 0.704038 -0.797468 -0.666186 -1.525156 -1.640884 1.514544 1.745468
-0.607278 0.218974 -0.608787 0.222085 0.730755 0.701485 -0.787673 -0.683250 -1.522650 -1.661322 1.514452 1.726945
-0.609223 0.218627 -0.610784 0.218611 0.739621 0.696076 -0.778263 -0.697319 -1.520794 -1.682149 1.515102 1.707332
-0.609610 0.219842 -0.611229 0.216747 0.748803 0.687690 -0.769211 -0.708440 -1.519615 -1.702961 1.516466 1.687220
-0.608457 0.222670 -0.610124 0.216462 0.758325 0.676236 -0.760489 -0.716695 -1.519138 -1.723272 1.518517 1.667139
-0.605747 0.227131 -0.607427 0.217692 0.768216 0.661651 -0.752071 -0.722188 -1.519389 -1.742525 1.521227 1.647537
-0.601421 0.233201 -0.603061 0.220343 0.778500 0.643921 -0.743929 -0.725030 -1.520390 -1.760112 1.524566 1.628770
-0.595376 0.240800 -0.596904 0.224297 0.789197 0.623076 -0.736034 -0.725317 -1.522156 -1.775408 1.528498 1.611084
-0.587464 0.249772 -0.588793 0.229393 0.800319 0.599187 -0.728353 -0.723108 -1.524684 -1.787791 1.532982 1.594608
-0.577484 0.259868 -0.578518 0.235417 0.811872 0.572342 -0.720845 -0.718397 -1.527953 -1.796679 1.537959 1.579345
-0.565182 0.270718 -0.565814 0.242057 0.823840 0.542609 -0.713463 -0.711089 -1.531908 -1.801576 1.543351 1.565170
-0.550238 0.281798 -0.550365 0.248868 0.836188 0.509980 -0.706141 -0.700949 -1.536449 -1.802116 1.549048 1.551830
-0.532160 0.292270 -0.531724 0.263170 0.848935 0.474116 -0.698647 -0.691223 -1.541499 -1.798104 1.554675 1.541270
