-0.400000 0.400000 -0.400000 0.400000 0.785398 0.785398 -0.785398 -0.785398 -1.570796 -1.570796 1.570796 1.570796
-0.399939 0.400240 -0.399642 0.400253 0.791516 0.791471 -0.779458 -0.779302 -1.571369 -1.571167 1.570576 1.570376
-0.399878 0.400481 -0.399285 0.400507 0.797602 0.797507 -0.773476 -0.773164 -1.571858 -1.571451 1.570275 1.569872
-0.399764 0.402440 -0.398960 0.400799 0.803617 0.804049 -0.767410 -0.766908 -1.571896 -1.579826 1.570122 1.569461
-0.399599 0.406118 -0.398664 0.401134 0.809569 0.810667 -0.761250 -0.760523 -1.571482 -1.596493 1.570120 1.569144
-0.399434 0.409915 -0.398373 0.401479 0.815523 0.816172 -0.755017 -0.754061 -1.570967 -1.614035 1.570083 1.568788
-0.399268 0.413890 -0.398087 0.401836 0.821489 0.820074 -0.748691 -0.747504 -1.570331 -1.632722 1.570016 1.568398
-0.399103 0.418083 -0.397804 0.402207 0.827474 0.821996 -0.742258 -0.740834 -1.569566 -1.652625 1.569914 1.567969
-0.398945 0.422517 -0.397529 0.402590 0.833485 0.821625 -0.735706 -0.734040 -1.568669 -1.673657 1.569769 1.567497
-0.398795 0.427197 -0.397257 0.402983 0.839529 0.818687 -0.729022 -0.727110 -1.567637 -1.695598 1.569572 1.566972
-0.398658 0.432109 -0.396991 0.403385 0.845608 0.812941 -0.722196 -0.720036 -1.566478 -1.718125 1.569308 1.566385
-0.398539 0.437226 -0.396727 0.403794 0.851732 0.804181 -0.715219 -0.712808 -1.565198 -1.740824 1.568962 1.565721
-0.398442 0.442500 -0.396465 0.404207 0.857903 0.792249 -0.708081 -0.705418 -1.563809 -1.763213 1.568515 1.564968
-0.398369 0.447870 -0.396203 0.404624 0.864129 0.777044 -0.700774 -0.697858 -1.562319 -1.784754 1.567950 1.564106
-0.398324 0.453259 -0.395935 0.405041 0.870416 0.758537 -0.693288 -0.690121 -1.560741 -1.804880 1.567246 1.563121
-0.398309 0.458574 -0.395660 0.405458 0.876766 0.736776 -0.685621 -0.682201 -1.559089 -1.823007 1.566382 1.561993
-0.398324 0.463711 -0.395371 0.405874 0.883182 0.711896 -0.677764 -0.674097 -1.557371 -1.838563 1.565338 1.560704
-0.398369 0.468556 -0.395066 0.406287 0.889667 0.684112 -0.669717 -0.665804 -1.555603 -1.851008 1.564094 1.559234
-0.398441 0.472988 -0.394738 0.406698 0.896220 0.653717 -0.661479 -0.657326 -1.553794 -1.859860 1.562631 1.557567
-0.398536 0.476886 -0.394382 0.407106 0.902839 0.621067 -0.653054 -0.648666 -1.551957 -1.864711 1.560935 1.555686
-0.398652 0.480126 -0.393996 0.407512 0.909520 0.586565 -0.644448 -0.639831 -1.550100 -1.865254 1.558990 1.553577
-0.398782 0.482586 -0.393573 0.407915 0.916256 0.550636 -0.635669 -0.630831 -1.548232 -1.861290 1.556787 1.551229
-0.398920 0.484149 -0.393110 0.408317 0.923040 0.513713 -0.626732 -0.621680 -1.546360 -1.852750 1.554321 1.548635
-0.399060 0.484694 -0.392604 0.408721 0.929865 0.476203 -0.617646 -0.612391 -1.544490 -1.839691 1.551591 1.545794
-0.399190 0.484093 -0.392054 0.409128 0.936725 0.438465 -0.608428 -0.602979 -1.542625 -1.822314 1.548604 1.542706
-0.399709 0.482480 -0.391868 0.409149 0.943526 0.400981 -0.599216 -0.593560 -1.540768 -1.800998 1.545459 1.539425
-0.404635 0.482506 -0.396446 0.404696 0.949273 0.366218 -0.601635 -0.585214 -1.539059 -1.776561 1.557416 1.535984
-0.409152 0.481164 -0.401519 0.400468 0.955319 0.332094 -0.612318 -0.576163 -1.537279 -1.748787 1.580401 1.531555
-0.412978 0.478746 -0.406563 0.396894 0.961550 0.299006 -0.624254 -0.566746 -1.535410 -1.717994 1.603859 1.526733
-0.416111 0.475622 -0.411363 0.393975 0.967953 0.267308 -0.637773 -0.556964 -1.533419 -1.684626 1.627948 1.521531
-0.418531 0.472095 -0.415740 0.391730 0.974517 0.237248 -0.653086 -0.546812 -1.531266 -1.649189 1.652709 1.515963
-0.420195 0.468422 -0.419524 0.390198 0.981231 0.208981 -0.670315 -0.536283 -1.528909 -1.612218 1.678076 1.510038
-0.421046 0.464826 -0.422552 0.389433 0.988084 0.182600 -0.689505 -0.525369 -1.526303 -1.574247 1.703886 1.503767
-0.421006 0.461502 -0.424651 0.389505 0.995068 0.158146 -0.710641 -0.514052 -1.523400 -1.535787 1.729886 1.497155
-0.419984 0.458626 -0.425646 0.390501 1.002174 0.135624 -0.733656 -0.502309 -1.520147 -1.497292 1.755751 1.490198
-0.417865 0.456348 -0.425366 0.392523 1.009394 0.115008 -0.758435 -0.490106 -1.516485 -1.459155 1.781099 1.482881
-0.414519 0.454790 -0.423653 0.395688 1.016719 0.096251 -0.784826 -0.477401 -1.512346 -1.421679 1.805507 1.475170
-0.409794 0.454047 -0.420384 0.400130 1.024138 0.079285 -0.812646 -0.464134 -1.507650 -1.385066 1.828530 1.467006
-0.403515 0.454167 -0.415495 0.405999 1.031631 0.064019 -0.841689 -0.450231 -1.502301 -1.349407 1.849710 1.458299
-0.395481 0.455141 -0.409011 0.413460 1.039171 0.050341 -0.871740 -0.435594 -1.496179 -1.314667 1.868594 1.448915
-0.385460 0.456880 -0.401095 0.422701 1.046719 0.038106 -0.902584 -0.420101 -1.489136 -1.280684 1.884736 1.438666
-0.373189 0.459169 -0.392102 0.433925 1.054212 0.027125 -0.934019 -0.403599 -1.480975 -1.247169 1.897698 1.427297
-0.358359 0.461613 -0.382661 0.447361 1.061562 0.017145 -0.965868 -0.385895 -1.471453 -1.213717 1.907037 1.414468
-0.340372 0.465716 -0.373686 0.463406 1.068435 0.010742 -0.998358 -0.366934 -1.460030 -1.186801 1.912279 1.399995
-0.323927 0.481592 -0.363562 0.477789 1.072133 0.026047 -1.027792 -0.351609 -1.447656 -1.209570 1.912628 1.388694
-0.314767 0.490159 -0.348232 0.485540 1.075445 0.038876 -1.052472 -0.338894 -1.437309 -1.220652 1.907726 1.380083
-0.305675 0.498575 -0.332124 0.493301 1.078722 0.051811 -1.075250 -0.326100 -1.426838 -1.229136 1.898272 1.371420
-0.295964 0.507468 -0.314975 0.501626 1.081630 0.064601 -1.095923 -0.313209 -1.415840 -1.236769 1.884828 1.362450
-0.276532 0.525077 -0.299140 0.518548 1.081791 0.076500 -1.122212 -0.299284 -1.400996 -1.241880 1.868562 1.350190
-0.259910 0.547509 -0.285043 0.540621 1.095640 0.087830 -1.149561 -0.283778 -1.407223 -1.243262 1.849480 1.335030
-0.250621 0.565500 -0.271301 0.558724 1.116561 0.099571 -1.169154 -0.267811 -1.428609 -1.244243 1.827087 1.320343
-0.242249 0.580151 -0.258630 0.573695 1.134737 0.111477 -1.182961 -0.252063 -1.450579 -1.245914 1.801810 1.306386
-0.235022 0.591853 -0.247462 0.585892 1.151070 0.123638 -1.191962 -0.236587 -1.473531 -1.248421 1.774190 1.293357
-0.229123 0.600895 -0.238083 0.595578 1.166080 0.136091 -1.196914 -0.221401 -1.497769 -1.251801 1.744844 1.281317
-0.224705 0.607503 -0.230659 0.602955 1.180012 0.148854 -1.198438 -0.206509 -1.523470 -1.256074 1.714410 1.270283
-0.221898 0.611854 -0.225265 0.608169 1.192916 0.161937 -1.197069 -0.191914 -1.550689 -1.261258 1.683512 1.260258
-0.220819 0.614073 -0.221905 0.611315 1.204697 0.175343 -1.193279 -0.177623 -1.579353 -1.267379 1.652723 1.251234
-0.221574 0.614241 -0.220540 0.612440 1.215143 0.189072 -1.187490 -0.163642 -1.609269 -1.274461 1.622550 1.243202
-0.224266 0.612388 -0.221102 0.611542 1.223954 0.203121 -1.180067 -0.149975 -1.640137 -1.282519 1.593416 1.236143
-0.228976 0.608502 -0.223503 0.608570 1.230753 0.217482 -1.171304 -0.136622 -1.671559 -1.291565 1.565647 1.230030
-0.235767 0.602515 -0.227650 0.603422 1.235106 0.232144 -1.161411 -0.123582 -1.703051 -1.301594 1.539461 1.224820
-0.244665 0.594308 -0.233441 0.595945 1.236510 0.247090 -1.150480 -0.110840 -1.734061 -1.312580 1.514962 1.220456
-0.255641 0.583705 -0.240760 0.585931 1.234390 0.262298 -1.138451 -0.098377 -1.763987 -1.324473 1.492130 1.216850
-0.268600 0.570467 -0.249478 0.573109 1.228072 0.277732 -1.125053 -0.086153 -1.792204 -1.337179 1.470826 1.213881
-0.283359 0.554290 -0.259439 0.557144 1.216729 0.293346 -1.109723 -0.074113 -1.818107 -1.350552 1.450799 1.211371
-0.299641 0.534795 -0.270456 0.537632 1.199292 0.309066 -1.091476 -0.062180 -1.841153 -1.364367 1.431723 1.209077
-0.317057 0.511403 -0.285189 0.513918 1.174080 0.324697 -1.073238 -0.050330 -1.860933 -1.378406 1.416664 1.206482
-0.335459 0.489435 -0.309948 0.491198 1.145628 0.339111 -1.073254 -0.038159 -1.877624 -1.390736 1.422995 1.200498
-0.354379 0.477618 -0.323253 0.478677 1.124367 0.352099 -1.070291 -0.025201 -1.891681 -1.399445 1.433048 1.190992
-0.372184 0.467890 -0.334384 0.468200 1.102003 0.364851 -1.066769 -0.012158 -1.902103 -1.407750 1.444588 1.180751
-0.388823 0.458147 -0.345559 0.457634 1.077078 0.377550 -1.062983 0.000991 -1.908258 -1.415940 1.455963 1.170005
-0.403209 0.446222 -0.359008 0.444628 1.049405 0.390858 -1.058761 0.015016 -1.909684 -1.424672 1.466930 1.157595
-0.414203 0.429574 -0.377318 0.435267 1.016898 0.408390 -1.051657 0.015771 -1.906265 -1.436745 1.477801 1.172443
-0.425616 0.415494 -0.392464 0.430779 0.984807 0.425149 -1.043673 0.007778 -1.898713 -1.447645 1.486301 1.203075
-0.436454 0.403315 -0.405406 0.426046 0.952843 0.440903 -1.035619 -0.000900 -1.887480 -1.457342 1.493505 1.233947
-0.446247 0.392794 -0.416470 0.421409 0.921253 0.455845 -1.027564 -0.010592 -1.872990 -1.466164 1.499737 1.265384
-0.454760 0.383699 -0.425940 0.417028 0.890307 0.470122 -1.019516 -0.021529 -1.855669 -1.474310 1.505188 1.297623
-0.461922 0.375809 -0.434062 0.412939 0.860287 0.483851 -1.011466 -0.033873 -1.835953 -1.481910 1.509984 1.330799
-0.467773 0.368918 -0.441066 0.409099 0.831472 0.497130 -1.003402 -0.047748 -1.814285 -1.489056 1.514224 1.364936
-0.472434 0.362830 -0.447159 0.405410 0.804121 0.510040 -0.995306 -0.063239 -1.791107 -1.495807 1.517982 1.399950
-0.476074 0.357360 -0.452538 0.401741 0.778463 0.522651 -0.987160 -0.080410 -1.766848 -1.502206 1.521322 1.435656
-0.478885 0.352330 -0.457388 0.397939 0.754688 0.535022 -0.978943 -0.099304 -1.741906 -1.508270 1.524294 1.471784
-0.481070 0.347567 -0.461884 0.393848 0.732939 0.547204 -0.970632 -0.119942 -1.716624 -1.514008 1.526938 1.507986
-0.482823 0.342903 -0.466195 0.389311 0.713300 0.559243 -0.962194 -0.142325 -1.691286 -1.519416 1.529286 1.543855
-0.484318 0.338174 -0.470484 0.384185 0.695792 0.571180 -0.953597 -0.166434 -1.666086 -1.524484 1.531356 1.578945
-0.485696 0.333216 -0.474909 0.378348 0.680357 0.583052 -0.944800 -0.192228 -1.641125 -1.529195 1.533159 1.612778
-0.487049 0.327865 -0.479627 0.371710 0.666842 0.594897 -0.935754 -0.219642 -1.616401 -1.533531 1.534689 1.644873
-0.488408 0.321959 -0.484796 0.364225 0.654972 0.606753 -0.926402 -0.248588 -1.591807 -1.537471 1.535931 1.674754
-0.489708 0.315330 -0.490572 0.355901 0.644301 0.618659 -0.916673 -0.278963 -1.567140 -1.540992 1.536851 1.701972
-0.492489 0.307480 -0.497344 0.346910 0.638798 0.630461 -0.906493 -0.310731 -1.551177 -1.543564 1.537435 1.726129
-0.500142 0.299208 -0.504209 0.336754 0.649610 0.641251 -0.896530 -0.343180 -1.561045 -1.544211 1.537969 1.746697
-0.507284 0.291543 -0.510519 0.325200 0.660231 0.651790 -0.886714 -0.375850 -1.563000 -1.544841 1.538333 1.763306
-0.514312 0.283923 -0.516761 0.312370 0.670626 0.662159 -0.876850 -0.408534 -1.562369 -1.545180 1.538518 1.775853
-0.521824 0.275676 -0.523533 0.298381 0.680696 0.672220 -0.866824 -0.440960 -1.560977 -1.544898 1.538346 1.784402
-0.536147 0.259745 -0.537193 0.286745 0.689685 0.680735 -0.855204 -0.475441 -1.557474 -1.541239 1.535361 1.789708
-0.553855 0.248764 -0.554421 0.276859 0.697311 0.692425 -0.842471 -0.510034 -1.551313 -1.551552 1.530400 1.791389
-0.568405 0.241793 -0.568619 0.266369 0.704770 0.703617 -0.830092 -0.541761 -1.545215 -1.568136 1.526017 1.788779
-0.580344 0.235218 -0.580292 0.256086 0.712360 0.712320 -0.818158 -0.570821 -1.539741 -1.585261 1.522355 1.782132
-0.589978 0.229403 -0.589743 0.246534 0.720144 0.718577 -0.806692 -0.597179 -1.534911 -1.603199 1.519495 1.771858
-0.597543 0.224605 -0.597201 0.238089 0.728151 0.722361 -0.795681 -0.620749 -1.530708 -1.622073 1.517442 1.758489
-0.603222 0.221011 -0.602842 0.231002 0.736399 0.723597 -0.785102 -0.641437 -1.527122 -1.641864 1.516175 1.742622
-0.607161 0.218759 -0.606794 0.225430 0.744910 0.722177 -0.774926 -0.659179 -1.524157 -1.662421 1.515668 1.724886
-0.609465 0.217955 -0.609147 0.221451 0.753705 0.717978 -0.765128 -0.673953 -1.521834 -1.683475 1.515894 1.705904
-0.610203 0.218682 -0.609947 0.219087 0.762811 0.710878 -0.755680 -0.685785 -1.520173 -1.704655 1.516826 1.686271
-0.609405 0.220995 -0.609206 0.218313 0.772254 0.700767 -0.746556 -0.694736 -1.519201 -1.725496 1.518435 1.666524
-0.607061 0.224922 -0.606893 0.219072 0.782059 0.687570 -0.737728 -0.700901 -1.518944 -1.745464 1.520696 1.647127
-0.603125 0.230451 -0.602941 0.221278 0.792253 0.671248 -0.729167 -0.704382 -1.519422 -1.763969 1.523576 1.628455
-0.597506 0.237514 -0.597240 0.224817 0.802856 0.651805 -0.720848 -0.705278 -1.520651 -1.780392 1.527041 1.610779
-0.590067 0.245979 -0.589640 0.229536 0.813884 0.629285 -0.712736 -0.703656 -1.522633 -1.794115 1.531052 1.594257
-0.580626 0.255622 -0.579944 0.235231 0.825342 0.603751 -0.704795 -0.699534 -1.525351 -1.804548 1.535554 1.578925
-0.568942 0.266109 -0.567905 0.241611 0.837221 0.575254 -0.696978 -0.692850 -1.528757 -1.811174 1.540476 1.564691
-0.554715 0.276961 -0.553222 0.248257 0.849491 0.543779 -0.689227 -0.683434 -1.532764 -1.813593 1.545717 1.551337
-0.537527 0.287458 -0.535505 0.258940 0.862134 0.509064 -0.681386 -0.672786 -1.537269 -1.811572 1.551022 1.539650
-0.524032 0.299407 -0.521397 0.274610 0.873631 0.474635 -0.672252 -0.664053 -1.539646 -1.805803 1.553519 1.535098
-0.517280 0.312974 -0.513891 0.282754 0.883597 0.442507 -0.662043 -0.653874 -1.539578 -1.796661 1.553198 1.534481
-0.511077 0.325361 -0.506881 0.290380 0.893489 0.409923 -0.651610 -0.643424 -1.539375 -1.783428 1.552367 1.535381
-0.504841 0.336522 -0.499811 0.298030 0.903339 0.377139 -0.640978 -0.632752 -1.539036 -1.766068 1.551142 1.535987
-0.498068 0.346339 -0.492168 0.306196 0.913331 0.344319 -0.629971 -0.621738 -1.538610 -1.744697 1.549479 1.535800
-0.491213 0.355008 -0.490046 0.314151 0.923591 0.311940 -0.635182 -0.609707 -1.538044 -1.719686 1.568929 1.533480
-0.485339 0.362994 -0.489415 0.320898 0.933375 0.280840 -0.645165 -0.597614 -1.537058 -1.691601 1.594154 1.530030
-0.480107 0.370146 -0.488598 0.326867 0.942767 0.251044 -0.656121 -0.585592 -1.535743 -1.660864 1.619506 1.525978
-0.475359 0.376461 -0.487704 0.332238 0.951843 0.222654 -0.668567 -0.573597 -1.534135 -1.627950 1.645090 1.521433
-0.470937 0.381995 -0.486727 0.337179 0.960661 0.195763 -0.682830 -0.561585 -1.532252 -1.593353 1.670946 1.516465
-0.466683 0.386844 -0.485586 0.341858 0.969271 0.170447 -0.699094 -0.549514 -1.530094 -1.557572 1.697027 1.511117
-0.462437 0.391136 -0.484144 0.346440 0.977713 0.146762 -0.717436 -0.537347 -1.527653 -1.521097 1.723196 1.505421
-0.458037 0.395018 -0.482228 0.351090 0.986025 0.124738 -0.737855 -0.525041 -1.524910 -1.484385 1.749226 1.499395
-0.453314 0.398650 -0.479641 0.355979 0.994235 0.104393 -0.760283 -0.512553 -1.521836 -1.447850 1.774818 1.493049
-0.448097 0.402191 -0.476185 0.361275 1.002369 0.085720 -0.784592 -0.499833 -1.518394 -1.411840 1.799611 1.486381
-0.442201 0.405795 -0.471666 0.367160 1.010449 0.068694 -0.810611 -0.486825 -1.514535 -1.376621 1.823201 1.479373
-0.435434 0.409597 -0.465924 0.373814 1.018492 0.053270 -0.838127 -0.473459 -1.510200 -1.342368 1.845156 1.471985
-0.427591 0.413701 -0.458847 0.381429 1.026506 0.039382 -0.866898 -0.459653 -1.505313 -1.309145 1.865033 1.464150
-0.418446 0.418170 -0.450410 0.390206 1.034492 0.026937 -0.896664 -0.445309 -1.499777 -1.276901 1.882392 1.455765
-0.407755 0.422998 -0.440705 0.400359 1.042440 0.015812 -0.927159 -0.430306 -1.493471 -1.245458 1.896805 1.446682
-0.395247 0.428078 -0.429994 0.412112 1.050320 0.005845 -0.958126 -0.414498 -1.486239 -1.214513 1.907858 1.436691
-0.380616 0.433157 -0.418768 0.425711 1.058085 -0.003187 -0.989330 -0.397704 -1.477881 -1.183642 1.915139 1.425513
-0.362804 0.443028 -0.408118 0.441961 1.064964 -0.003052 -1.021099 -0.380390 -1.467601 -1.173196 1.918222 1.413642
-0.349752 0.455725 -0.393511 0.453512 1.068930 0.010568 -1.048350 -0.367275 -1.457560 -1.192048 1.916376 1.405130
-0.338961 0.466102 -0.376428 0.462977 1.072787 0.023814 -1.073132 -0.354577 -1.447792 -1.203331 1.909755 1.397032
-0.328227 0.476295 -0.358025 0.472401 1.076465 0.037061 -1.095545 -0.341783 -1.437722 -1.212461 1.898837 1.388743
-0.314629 0.489018 -0.338780 0.484406 1.079264 0.050014 -1.117503 -0.328693 -1.426394 -1.220475 1.884325 1.379552
-0.289445 0.512168 -0.321527 0.506740 1.078918 0.061868 -1.146212 -0.314524 -1.410795 -1.225629 1.867245 1.366645
-0.275236 0.535931 -0.305321 0.530228 1.098672 0.073680 -1.171473 -0.298755 -1.425875 -1.227403 1.847075 1.352010
-0.264690 0.555321 -0.289676 0.549685 1.118918 0.085618 -1.189343 -0.282798 -1.447207 -1.229022 1.823641 1.337592
-0.255183 0.571138 -0.275268 0.565774 1.136450 0.097705 -1.201451 -0.267035 -1.469167 -1.231237 1.797379 1.323831
-0.246963 0.583795 -0.262544 0.578873 1.152145 0.110029 -1.208809 -0.251526 -1.492136 -1.234212 1.768859 1.310936
-0.240223 0.593606 -0.251791 0.589273 1.166498 0.122632 -1.212200 -0.236297 -1.516396 -1.238010 1.738718 1.298987
-0.235120 0.600818 -0.243175 0.597192 1.179731 0.135533 -1.212262 -0.221360 -1.542107 -1.242674 1.707604 1.288021
-0.231778 0.605621 -0.236761 0.602793 1.191875 0.148748 -1.209546 -0.206726 -1.569299 -1.248244 1.676142 1.278056
-0.230312 0.608155 -0.232546 0.606180 1.202814 0.162282 -1.204535 -0.192404 -1.597875 -1.254760 1.644901 1.269099
-0.230822 0.608508 -0.230481 0.607409 1.212322 0.176138 -1.197651 -0.178405 -1.627622 -1.262253 1.614377 1.261147
-0.233397 0.606719 -0.230481 0.606479 1.220084 0.190313 -1.189254 -0.164733 -1.658218 -1.270746 1.584976 1.254186
-0.238109 0.602770 -0.232452 0.603340 1.225719 0.204801 -1.179627 -0.151390 -1.689239 -1.280249 1.557002 1.248189
-0.244999 0.596595 -0.236282 0.597886 1.228778 0.219587 -1.168957 -0.138370 -1.720184 -1.290754 1.530649 1.243110
-0.254071 0.588067 -0.241856 0.589955 1.228749 0.234654 -1.157300 -0.125658 -1.750481 -1.302229 1.505985 1.238884
-0.265264 0.576999 -0.249041 0.579328 1.225046 0.249973 -1.144547 -0.113226 -1.779514 -1.314609 1.482962 1.235410
-0.278448 0.563139 -0.257689 0.565718 1.216966 0.265508 -1.130351 -0.101031 -1.806654 -1.327783 1.461407 1.232548
-0.293395 0.546163 -0.267621 0.548772 1.203638 0.281200 -1.114042 -0.089010 -1.831298 -1.341578 1.441046 1.230097
-0.309775 0.525673 -0.278634 0.528064 1.183920 0.296967 -1.094466 -0.077075 -1.852929 -1.355734 1.421539 1.227776
-0.327124 0.500880 -0.297581 0.502655 1.155662 0.312433 -1.080916 -0.065334 -1.871166 -1.370128 1.410923 1.224772
-0.345622 0.480988 -0.319906 0.481868 1.128056 0.326477 -1.080190 -0.052896 -1.886513 -1.381650 1.418771 1.217700
-0.364468 0.470316 -0.331974 0.470390 1.106591 0.339356 -1.077020 -0.039915 -1.899098 -1.390320 1.429280 1.207904
-0.382011 0.460794 -0.342898 0.460011 1.083176 0.352115 -1.073491 -0.026882 -1.907876 -1.398835 1.440890 1.197592
-0.398359 0.451248 -0.353856 0.449537 1.057409 0.364816 -1.069686 -0.013736 -1.912307 -1.407203 1.452093 1.186758
-0.411236 0.437604 -0.369166 0.434424 1.027803 0.379115 -1.065126 0.001391 -1.911887 -1.416968 1.463458 1.172872
-0.422211 0.421980 -0.386223 0.428765 0.995420 0.396598 -1.057661 -0.003806 -1.906804 -1.429208 1.473522 1.198368
-0.433248 0.408554 -0.400631 0.424195 0.963164 0.413046 -1.049803 -0.011922 -1.897716 -1.440034 1.481746 1.228676
-0.443574 0.396957 -0.412937 0.419496 0.931112 0.428553 -1.041904 -0.020796 -1.885066 -1.449765 1.488785 1.259308
-0.452784 0.386952 -0.423454 0.414948 0.899521 0.443296 -1.034012 -0.030746 -1.869280 -1.458687 1.494921 1.290575
-0.460691 0.378309 -0.432451 0.410673 0.868664 0.457411 -1.026130 -0.041999 -1.850791 -1.466976 1.500320 1.322691
-0.467255 0.370812 -0.440166 0.406685 0.838819 0.471007 -1.018248 -0.054712 -1.830040 -1.474749 1.505101 1.355766
-0.472540 0.364261 -0.446822 0.402923 0.810256 0.484175 -1.010352 -0.069004 -1.807475 -1.482087 1.509352 1.389796
-0.476681 0.358466 -0.452620 0.399281 0.783225 0.496994 -1.002425 -0.084957 -1.783538 -1.489046 1.513145 1.424669
-0.479855 0.353244 -0.457753 0.395626 0.757942 0.509527 -0.994449 -0.102631 -1.758655 -1.495659 1.516540 1.460177
-0.482258 0.348422 -0.462400 0.391807 0.734580 0.521832 -0.986402 -0.122063 -1.733213 -1.501943 1.519583 1.496025
-0.484092 0.343830 -0.466731 0.387666 0.713266 0.533956 -0.978260 -0.143269 -1.707547 -1.507901 1.522311 1.531846
-0.485546 0.339303 -0.470911 0.383053 0.694067 0.545945 -0.969993 -0.166242 -1.681918 -1.513528 1.524754 1.567218
-0.486788 0.334681 -0.475100 0.377832 0.676983 0.557835 -0.961566 -0.190956 -1.656502 -1.518813 1.526929 1.601681
-0.487947 0.329804 -0.479453 0.371887 0.661938 0.569666 -0.952938 -0.217359 -1.631374 -1.523740 1.528842 1.634750
-0.489104 0.324510 -0.484123 0.365139 0.648755 0.581474 -0.944061 -0.245378 -1.606504 -1.528293 1.530490 1.665942
-0.490269 0.318641 -0.489264 0.357549 0.637131 0.593298 -0.934877 -0.274914 -1.581757 -1.532453 1.531852 1.694782
-0.491357 0.312032 -0.495031 0.349139 0.626585 0.605178 -0.925314 -0.305852 -1.556906 -1.536199 1.532897 1.720826
-0.495644 0.303844 -0.502043 0.340184 0.625819 0.616744 -0.915314 -0.338239 -1.550213 -1.538463 1.533630 1.743708
-0.502797 0.296145 -0.508396 0.329733 0.636448 0.627352 -0.905767 -0.370881 -1.557609 -1.539455 1.534346 1.762806
-0.509771 0.288652 -0.514563 0.318079 0.646962 0.637810 -0.896216 -0.403796 -1.558868 -1.540348 1.534861 1.777912
-0.516636 0.281190 -0.520673 0.305133 0.657237 0.648091 -0.886624 -0.436568 -1.558235 -1.540924 1.535215 1.788918
-0.524542 0.272486 -0.527869 0.291289 0.667136 0.657969 -0.876754 -0.469174 -1.556921 -1.540649 1.535021 1.795992
-0.540941 0.254198 -0.543650 0.280826 0.675723 0.665945 -0.864842 -0.504693 -1.552959 -1.536200 1.531242 1.800010
-0.557616 0.246758 -0.559915 0.270812 0.683201 0.678283 -0.852456 -0.538777 -1.546862 -1.551489 1.526659 1.800069
-0.571378 0.239989 -0.573359 0.260491 0.690676 0.688398 -0.840450 -0.570009 -1.541222 -1.567983 1.522645 1.795898
-0.582634 0.233704 -0.584381 0.250533 0.698303 0.696053 -0.828913 -0.598485 -1.536226 -1.585086 1.519398 1.787791
-0.591665 0.228245 -0.593257 0.241416 0.706132 0.701250 -0.817857 -0.624172 -1.531877 -1.603027 1.516967 1.776197
-0.598693 0.223853 -0.600200 0.233477 0.714185 0.703935 -0.807262 -0.646995 -1.528153 -1.621888 1.515350 1.761674
-0.603886 0.220704 -0.605372 0.226939 0.722482 0.704014 -0.797102 -0.666880 -1.525049 -1.641611 1.514522 1.744835
-0.607379 0.218928 -0.608889 0.221933 0.731044 0.701371 -0.787351 -0.683787 -1.522573 -1.662008 1.514457 1.726313
-0.609267 0.218631 -0.610830 0.218521 0.739893 0.695885 -0.777982 -0.697717 -1.520744 -1.682781 1.515129 1.706731
-0.609608 0.219888 -0.611228 0.216709 0.749055 0.687437 -0.768967 -0.708719 -1.519588 -1.703526 1.516509 1.686671
-0.608418 0.222750 -0.610086 0.216467 0.758558 0.675936 -0.760280 -0.716874 -1.519131 -1.723758 1.518571 1.666655
-0.605680 0.227236 -0.607360 0.217727 0.768428 0.661322 -0.751894 -0.722288 -1.519399 -1.742924 1.521289 1.647126
-0.601334 0.233320 -0.602973 0.220398 0.778689 0.643582 -0.743783 -0.725068 -1.520412 -1.760421 1.524630 1.628434
-0.595277 0.240921 -0.596803 0.224362 0.789360 0.622748 -0.735915 -0.725311 -1.522186 -1.775628 1.528560 1.610822
-0.587361 0.249885 -0.588688 0.229459 0.800455 0.598888 -0.728260 -0.723073 -1.524717 -1.787930 1.533038 1.594412
-0.577388 0.259962 -0.578419 0.235473 0.811978 0.572091 -0.720778 -0.718348 -1.527985 -1.796750 1.538006 1.579209
-0.565103 0.270784 -0.565733 0.242098 0.823913 0.542425 -0.713419 -0.711040 -1.531933 -1.801599 1.543384 1.565086
-0.550190 0.281831 -0.550315 0.248888 0.836226 0.509879 -0.706119 -0.700916 -1.536464 -1.802115 1.549065 1.551790
-0.532160 0.292270 -0.531724 0.263170 0.848935 0.474116 -0.698647 -0.691223 -1.541499 -1.798104 1.554675 1.541270
