0.122110 0.034143 -0.199992 0.124304 -0.038671 -0.198643 -0.096300 0.058690 -0.223608 -0.096374 -0.059131 -0.224746
0.121512 0.034976 -0.200365 0.124126 -0.037853 -0.198749 -0.097888 0.058577 -0.224723 -0.098334 -0.058852 -0.224800
0.121236 0.034766 -0.200052 0.124028 -0.037942 -0.198438 -0.098124 0.058533 -0.224606 -0.098176 -0.058902 -0.224717
0.121068 0.034526 -0.199603 0.124001 -0.038081 -0.197978 -0.098428 0.058497 -0.224463 -0.097917 -0.058971 -0.224607
0.121116 0.034256 -0.198949 0.124171 -0.038298 -0.197291 -0.098813 0.058458 -0.224283 -0.097550 -0.059061 -0.224464
0.121374 0.033982 -0.198146 0.124537 -0.038579 -0.196434 -0.099234 0.058415 -0.224085 -0.097123 -0.059161 -0.224300
0.121694 0.033632 -0.197108 0.124991 -0.038953 -0.195323 -0.099746 0.058352 -0.223836 -0.096581 -0.059286 -0.224090
0.121992 0.033264 -0.196031 0.125432 -0.039351 -0.194169 -0.100249 0.058275 -0.223580 -0.096033 -0.059410 -0.223870
0.122284 0.032856 -0.194862 0.125885 -0.039795 -0.192917 -0.100767 0.058177 -0.223304 -0.095457 -0.059541 -0.223631
0.122627 0.032302 -0.193326 0.126452 -0.040399 -0.191273 -0.101407 0.058023 -0.222939 -0.094734 -0.059704 -0.223312
0.122910 0.031768 -0.191906 0.126957 -0.040979 -0.189754 -0.101964 0.057855 -0.222598 -0.094096 -0.059850 -0.223012
0.123190 0.031148 -0.190343 0.127498 -0.041644 -0.188084 -0.102584 0.057650 -0.222220 -0.093417 -0.060003 -0.222675
0.123469 0.030406 -0.188600 0.128096 -0.042429 -0.186225 -0.103466 0.057425 -0.221809 -0.092642 -0.060162 -0.222298
0.123713 0.029623 -0.186910 0.128679 -0.043241 -0.184426 -0.104450 0.057206 -0.221408 -0.091863 -0.060306 -0.221929
0.123971 0.028615 -0.184966 0.129375 -0.044257 -0.182363 -0.105639 0.056938 -0.220922 -0.090927 -0.060460 -0.221494
0.124157 0.027786 -0.183534 0.129918 -0.045073 -0.180851 -0.106463 0.056719 -0.220548 -0.090209 -0.060567 -0.221164
0.124373 0.026935 -0.182181 0.130485 -0.045900 -0.179438 -0.107052 0.056484 -0.220215 -0.089512 -0.060662 -0.220846
0.124850 0.025406 -0.179971 0.131563 -0.047389 -0.177160 -0.107713 0.056053 -0.219634 -0.088345 -0.060803 -0.220315
0.125223 0.024253 -0.178458 0.132375 -0.048565 -0.175623 -0.108072 0.055740 -0.219105 -0.087525 -0.060890 -0.219942
0.125612 0.022995 -0.176914 0.133239 -0.049902 -0.174069 -0.108415 0.055417 -0.218345 -0.086670 -0.060972 -0.219552
0.126025 0.021568 -0.175286 0.134191 -0.051461 -0.172438 -0.108310 0.055028 -0.217103 -0.085746 -0.061050 -0.219127
0.126426 0.020058 -0.173693 0.135170 -0.053140 -0.170845 -0.107768 0.054618 -0.215218 -0.084815 -0.061121 -0.218696
0.126792 0.018683 -0.172366 0.136055 -0.054670 -0.169512 -0.107103 0.054282 -0.213009 -0.084015 -0.061175 -0.218322
0.127187 0.017191 -0.171059 0.137009 -0.056313 -0.168191 -0.106176 0.053959 -0.210196 -0.083202 -0.061225 -0.217937
0.127559 0.015650 -0.169854 0.137968 -0.057977 -0.166959 -0.104979 0.053666 -0.206965 -0.082422 -0.061271 -0.217563
0.127875 0.014048 -0.168758 0.138916 -0.059655 -0.165820 -0.103459 0.053398 -0.203412 -0.081677 -0.061314 -0.217199
0.128092 0.012406 -0.167803 0.139816 -0.061308 -0.164805 -0.101610 0.053147 -0.199758 -0.080987 -0.061355 -0.216855
0.128157 0.011004 -0.167131 0.140509 -0.062652 -0.164069 -0.099801 0.052942 -0.196798 -0.080460 -0.061391 -0.216587
0.127426 0.009052 -0.166690 0.141258 -0.064228 -0.163312 -0.097444 0.052706 -0.193401 -0.079902 -0.061430 -0.216291
0.127086 0.006816 -0.165814 0.141876 -0.065724 -0.162724 -0.095109 0.052491 -0.190292 -0.079449 -0.061460 -0.216032
0.128237 0.005315 -0.164446 0.142189 -0.066625 -0.162442 -0.093711 0.052380 -0.188539 -0.079213 -0.061478 -0.215888
0.130709 0.003499 -0.162392 0.142441 -0.067506 -0.162226 -0.092391 0.052301 -0.186961 -0.079008 -0.061498 -0.215756
0.145142 -0.004842 -0.152195 0.142724 -0.069613 -0.162007 -0.089128 0.052227 -0.184061 -0.078627 -0.061567 -0.215475
0.159000 -0.012244 -0.141578 0.142669 -0.070607 -0.162007 -0.086964 0.052242 -0.183363 -0.078490 -0.061615 -0.215347
0.174399 -0.019685 -0.130585 0.142468 -0.071293 -0.162079 -0.084680 0.052264 -0.183639 -0.078425 -0.061662 -0.215262
0.190443 -0.027035 -0.118752 0.142135 -0.071752 -0.162214 -0.082193 0.052278 -0.184748 -0.078417 -0.061709 -0.215213
0.203803 -0.033062 -0.109176 0.141756 -0.072006 -0.162372 -0.079948 0.052279 -0.186201 -0.078465 -0.061753 -0.215192
0.220617 -0.040236 -0.097173 0.141151 -0.072178 -0.162625 -0.076998 0.052258 -0.188585 -0.078651 -0.061819 -0.215176
0.234352 -0.046303 -0.087144 0.140449 -0.072224 -0.162914 -0.074148 0.052209 -0.191263 -0.078950 -0.061893 -0.215170
0.245127 -0.051149 -0.079485 0.139695 -0.072190 -0.163214 -0.071590 0.052138 -0.193970 -0.079327 -0.061973 -0.215170
0.251956 -0.054258 -0.073994 0.138857 -0.072110 -0.163538 -0.069228 0.052044 -0.196767 -0.079785 -0.062061 -0.215175
0.256164 -0.056606 -0.070833 0.137693 -0.071984 -0.163966 -0.066682 0.051907 -0.200302 -0.080462 -0.062183 -0.215187
0.256697 -0.056956 -0.070379 0.136996 -0.071916 -0.164210 -0.065506 0.051819 -0.202246 -0.080883 -0.062257 -0.215195
0.255661 -0.056535 -0.071096 0.136242 -0.071858 -0.164465 -0.064342 0.051694 -0.204207 -0.081347 -0.062338 -0.215205
0.251317 -0.054046 -0.074769 0.134409 -0.071809 -0.165041 -0.062075 0.051317 -0.208194 -0.082498 -0.062536 -0.215229
0.247321 -0.051005 -0.078777 0.132881 -0.071872 -0.165474 -0.061193 0.051018 -0.210558 -0.083461 -0.062702 -0.215247
0.244301 -0.048520 -0.081870 0.131847 -0.071967 -0.165745 -0.061213 0.050865 -0.211724 -0.084114 -0.062817 -0.215257
0.239481 -0.044366 -0.086779 0.130385 -0.072113 -0.166125 -0.061969 0.050696 -0.212869 -0.085085 -0.062990 -0.215271
0.234644 -0.040058 -0.091647 0.129075 -0.072231 -0.166467 -0.062901 0.050492 -0.213397 -0.086014 -0.063160 -0.215280
0.229114 -0.034992 -0.097191 0.127674 -0.072344 -0.166836 -0.064353 0.050307 -0.213677 -0.087064 -0.063359 -0.215288
0.223991 -0.030193 -0.102482 0.126410 -0.072431 -0.167170 -0.066065 0.050193 -0.213786 -0.088062 -0.063556 -0.215290
0.219227 -0.025594 -0.107567 0.125233 -0.072500 -0.167482 -0.067674 0.050070 -0.213809 -0.089033 -0.063757 -0.215289
0.215068 -0.021508 -0.112040 0.124199 -0.072551 -0.167756 -0.068818 0.049893 -0.213819 -0.089917 -0.063950 -0.215285
0.210497 -0.016994 -0.116901 0.123042 -0.072595 -0.168062 -0.069855 0.049633 -0.213818 -0.090938 -0.064186 -0.215276
0.207023 -0.013608 -0.120510 0.122128 -0.072620 -0.168303 -0.070578 0.049402 -0.213792 -0.091766 -0.064390 -0.215266
0.203655 -0.010417 -0.123892 0.121180 -0.072636 -0.168551 -0.071244 0.049145 -0.213744 -0.092626 -0.064582 -0.215252
0.200885 -0.007936 -0.126534 0.120298 -0.072642 -0.168780 -0.071788 0.048896 -0.213680 -0.093415 -0.064719 -0.215236
0.199046 -0.006479 -0.128148 0.119574 -0.072641 -0.168971 -0.072176 0.048687 -0.213616 -0.094047 -0.064799 -0.215221
0.197598 -0.005721 -0.129140 0.118708 -0.072630 -0.169208 -0.072574 0.048437 -0.213529 -0.094769 -0.064858 -0.215205
0.197055 -0.005957 -0.129113 0.118050 -0.072616 -0.169396 -0.072829 0.048256 -0.213458 -0.095285 -0.064872 -0.215196
0.196855 -0.006940 -0.128277 0.117265 -0.072592 -0.169630 -0.073095 0.048060 -0.213371 -0.095859 -0.064856 -0.215192
0.197096 -0.008382 -0.126790 0.116599 -0.072566 -0.169840 -0.073299 0.047924 -0.213301 -0.096302 -0.064812 -0.215196
0.197652 -0.010267 -0.124749 0.115977 -0.072536 -0.170045 -0.073482 0.047838 -0.213242 -0.096668 -0.064744 -0.215210
0.198478 -0.012584 -0.122152 0.115379 -0.072503 -0.170253 -0.073670 0.047807 -0.213198 -0.096985 -0.064656 -0.215229
0.199497 -0.015208 -0.119116 0.114819 -0.072468 -0.170458 -0.073874 0.047843 -0.213173 -0.097264 -0.064554 -0.215245
0.200515 -0.017737 -0.116106 0.114348 -0.072436 -0.170640 -0.074062 0.047921 -0.213164 -0.097486 -0.064454 -0.215258
0.201792 -0.020859 -0.112288 0.113833 -0.072398 -0.170850 -0.074255 0.048033 -0.213159 -0.097712 -0.064331 -0.215270
0.203009 -0.023816 -0.108581 0.113390 -0.072365 -0.171042 -0.074406 0.048148 -0.213159 -0.097890 -0.064216 -0.215279
0.204277 -0.026891 -0.104652 0.112962 -0.072332 -0.171238 -0.074536 0.048274 -0.213162 -0.098045 -0.064098 -0.215287
0.205536 -0.029910 -0.100752 0.112565 -0.072302 -0.171430 -0.074643 0.048404 -0.213168 -0.098172 -0.063987 -0.215293
0.206771 -0.032803 -0.097011 0.112202 -0.072277 -0.171615 -0.074729 0.048529 -0.213177 -0.098272 -0.063887 -0.215297
0.208020 -0.035615 -0.093393 0.111859 -0.072255 -0.171801 -0.074796 0.048651 -0.213188 -0.098350 -0.063799 -0.215301
0.209136 -0.038042 -0.090225 0.111564 -0.072240 -0.171969 -0.074844 0.048754 -0.213200 -0.098402 -0.063733 -0.215303
0.210279 -0.040454 -0.087030 0.111268 -0.072230 -0.172148 -0.074882 0.048851 -0.213215 -0.098439 -0.063682 -0.215305
0.211320 -0.042581 -0.084173 0.110998 -0.072227 -0.172322 -0.074907 0.048929 -0.213230 -0.098456 -0.063656 -0.215306
0.212225 -0.044369 -0.081753 0.110758 -0.072233 -0.172486 -0.074921 0.048981 -0.213245 -0.098456 -0.063658 -0.215307
0.213001 -0.045848 -0.079750 0.110539 -0.072246 -0.172643 -0.074927 0.049007 -0.213260 -0.098441 -0.063689 -0.215307
0.213623 -0.046979 -0.078240 0.110347 -0.072268 -0.172790 -0.074926 0.049004 -0.213274 -0.098415 -0.063749 -0.215308
0.214190 -0.047907 -0.077044 0.110150 -0.072327 -0.172959 -0.074920 0.048960 -0.213290 -0.098368 -0.063866 -0.215309
0.214510 -0.048330 -0.076582 0.110008 -0.072412 -0.173096 -0.074912 0.048882 -0.213301 -0.098318 -0.064007 -0.215310
0.214759 -0.048707 -0.076510 0.109877 -0.072544 -0.173238 -0.074903 0.048753 -0.213312 -0.098253 -0.064207 -0.215311
0.214931 -0.049091 -0.076775 0.109772 -0.072709 -0.173360 -0.074895 0.048585 -0.213320 -0.098185 -0.064439 -0.215312
0.215070 -0.049599 -0.077492 0.109658 -0.073015 -0.173491 -0.074890 0.048318 -0.213326 -0.098096 -0.064786 -0.215314
0.215130 -0.050087 -0.078483 0.109568 -0.073403 -0.173589 -0.074890 0.048012 -0.213327 -0.098010 -0.065162 -0.215316
0.215131 -0.050600 -0.079777 0.109495 -0.073881 -0.173671 -0.074870 0.047633 -0.213331 -0.097922 -0.065603 -0.215318
0.215072 -0.051124 -0.081333 0.109445 -0.074424 -0.173738 -0.074822 0.047180 -0.213339 -0.097834 -0.066106 -0.215319
0.214954 -0.051645 -0.083097 0.109422 -0.075006 -0.173790 -0.074748 0.046657 -0.213350 -0.097748 -0.066666 -0.215320
0.214771 -0.052176 -0.085115 0.109431 -0.075635 -0.173833 -0.074647 0.046040 -0.213365 -0.097664 -0.067308 -0.215320
0.214532 -0.052685 -0.087268 0.109473 -0.076264 -0.173867 -0.074527 0.045356 -0.213382 -0.097587 -0.068002 -0.215319
0.214213 -0.053202 -0.089704 0.109560 -0.076926 -0.173895 -0.074379 0.044545 -0.213400 -0.097512 -0.068808 -0.215315
0.213812 -0.053710 -0.092377 0.109698 -0.077592 -0.173920 -0.074161 0.043758 -0.213415 -0.097376 -0.069584 -0.215308
0.213452 -0.054083 -0.094555 0.109843 -0.078089 -0.173937 -0.073924 0.043263 -0.213424 -0.097192 -0.070077 -0.215301
0.212885 -0.054538 -0.097707 0.110164 -0.078734 -0.173920 -0.073496 0.042731 -0.213431 -0.096825 -0.070612 -0.215288
0.212294 -0.054853 -0.100804 0.110688 -0.079280 -0.173808 -0.072982 0.042377 -0.213434 -0.096359 -0.070975 -0.215276
0.211775 -0.055028 -0.103661 0.111377 -0.079700 -0.173618 -0.072414 0.042184 -0.213435 -0.095826 -0.071182 -0.215264
0.211370 -0.055091 -0.106135 0.112147 -0.079990 -0.173388 -0.071839 0.042115 -0.213434 -0.095275 -0.071268 -0.215254
0.210917 -0.055037 -0.108883 0.113193 -0.080201 -0.173062 -0.071114 0.042151 -0.213431 -0.094570 -0.071254 -0.215242
0.210440 -0.054858 -0.111356 0.114294 -0.080263 -0.172712 -0.070396 0.042284 -0.213427 -0.093864 -0.071145 -0.215232
0.209737 -0.054493 -0.114179 0.115694 -0.080177 -0.172265 -0.069525 0.042536 -0.213420 -0.093000 -0.070924 -0.215220
0.208895 -0.054018 -0.116712 0.117049 -0.079946 -0.171833 -0.068717 0.042839 -0.213413 -0.092194 -0.070650 -0.215210
0.207642 -0.053304 -0.119598 0.118677 -0.079549 -0.171316 -0.067786 0.043249 -0.213403 -0.091259 -0.070274 -0.215197
0.206152 -0.052405 -0.122284 0.120289 -0.079126 -0.170797 -0.066902 0.043689 -0.213393 -0.090367 -0.069867 -0.215186
0.204070 -0.051063 -0.125190 0.122057 -0.078652 -0.170210 -0.065955 0.044202 -0.213382 -0.089408 -0.069389 -0.215173
0.200820 -0.048851 -0.128700 0.123986 -0.078132 -0.169542 -0.064933 0.044795 -0.213369 -0.088371 -0.068831 -0.215158
0.196965 -0.045877 -0.132187 0.125834 -0.077632 -0.168868 -0.063953 0.045395 -0.213356 -0.087374 -0.068263 -0.215144
0.192345 -0.042049 -0.135871 0.127736 -0.077089 -0.168146 -0.062938 0.046040 -0.213343 -0.086340 -0.067648 -0.215130
0.187501 -0.037816 -0.139392 0.129519 -0.076552 -0.167445 -0.061976 0.046667 -0.213331 -0.085362 -0.067045 -0.215118
0.182733 -0.033445 -0.142643 0.131141 -0.076041 -0.166785 -0.061089 0.047256 -0.213323 -0.084458 -0.066474 -0.215107
0.177914 -0.028813 -0.145829 0.132684 -0.075535 -0.166140 -0.060205 0.047825 -0.213319 -0.083587 -0.065911 -0.215099
0.171921 -0.022744 -0.149761 0.134525 -0.074908 -0.165349 -0.058944 0.048482 -0.213338 -0.082558 -0.065217 -0.215082
0.168366 -0.019144 -0.152081 0.135565 -0.074542 -0.164893 -0.058185 0.048855 -0.213352 -0.081987 -0.064814 -0.215068
0.161676 -0.012582 -0.156351 0.137432 -0.073855 -0.164063 -0.056799 0.049523 -0.213248 -0.080977 -0.064067 -0.215038
0.156693 -0.007766 -0.159373 0.138812 -0.073319 -0.163447 -0.055874 0.050016 -0.212932 -0.080237 -0.063496 -0.215015
0.152707 -0.003910 -0.161715 0.139977 -0.072836 -0.162940 -0.055467 0.050467 -0.212373 -0.079610 -0.062995 -0.214998
0.149565 -0.000758 -0.163590 0.141073 -0.072341 -0.162491 -0.055885 0.050971 -0.211366 -0.079006 -0.062500 -0.214991
0.148147 0.000717 -0.164486 0.141766 -0.071989 -0.162242 -0.056962 0.051353 -0.210189 -0.078608 -0.062169 -0.214997
0.147508 0.001569 -0.164974 0.142353 -0.071633 -0.162088 -0.058624 0.051668 -0.208307 -0.078238 -0.061865 -0.215021
0.147490 0.001796 -0.165161 0.142662 -0.071370 -0.162087 -0.060424 0.051966 -0.206326 -0.077999 -0.061675 -0.215062
0.147639 0.001785 -0.165308 0.142766 -0.071166 -0.162209 -0.062259 0.052299 -0.204291 -0.077846 -0.061568 -0.215120
0.147769 0.001763 -0.165576 0.142694 -0.070825 -0.162538 -0.064428 0.052656 -0.201735 -0.077842 -0.061496 -0.215236
0.147533 0.002045 -0.166074 0.142480 -0.070276 -0.163058 -0.066505 0.052918 -0.199207 -0.078067 -0.061445 -0.215411
0.146977 0.002652 -0.166774 0.142160 -0.069586 -0.163722 -0.068385 0.053098 -0.196889 -0.078459 -0.061411 -0.215626
0.146288 0.003454 -0.167621 0.141739 -0.068757 -0.164537 -0.070164 0.053231 -0.194714 -0.078993 -0.061385 -0.215881
0.145396 0.004533 -0.168712 0.141162 -0.067695 -0.165610 -0.072003 0.053345 -0.192554 -0.079720 -0.061362 -0.216203
0.144345 0.005834 -0.169996 0.140447 -0.066451 -0.166904 -0.073778 0.053450 -0.190638 -0.080597 -0.061338 -0.216577
0.143186 0.007285 -0.171413 0.139618 -0.065082 -0.168369 -0.075403 0.053570 -0.189150 -0.081567 -0.061309 -0.216985
0.142086 0.008670 -0.172760 0.138793 -0.063783 -0.169795 -0.076715 0.053708 -0.188249 -0.082479 -0.061276 -0.217367
0.140721 0.010387 -0.174433 0.137724 -0.062170 -0.171598 -0.078106 0.053931 -0.187730 -0.083589 -0.061225 -0.217838
0.139342 0.012108 -0.176122 0.136617 -0.060544 -0.173429 -0.079291 0.054235 -0.187836 -0.084675 -0.061159 -0.218309
0.137849 0.013947 -0.177946 0.135407 -0.058795 -0.175398 -0.080448 0.054617 -0.188604 -0.085802 -0.061073 -0.218813
0.136314 0.015800 -0.179809 0.134170 -0.057015 -0.177384 -0.081685 0.054979 -0.189962 -0.086898 -0.060968 -0.219326
0.134622 0.017774 -0.181843 0.132841 -0.055095 -0.179507 -0.083100 0.055347 -0.191962 -0.088016 -0.060832 -0.219882
0.132836 0.019770 -0.183957 0.131502 -0.053128 -0.181657 -0.084627 0.055717 -0.194472 -0.089091 -0.060668 -0.220458
0.131366 0.021384 -0.185688 0.130436 -0.051526 -0.183393 -0.085924 0.056021 -0.196797 -0.089926 -0.060518 -0.220930
0.129498 0.023450 -0.187910 0.129121 -0.049471 -0.185613 -0.087654 0.056424 -0.200104 -0.090965 -0.060303 -0.221541
0.127949 0.025227 -0.189820 0.128058 -0.047700 -0.187534 -0.089198 0.056789 -0.203215 -0.091847 -0.060098 -0.222071
0.126594 0.026902 -0.191620 0.127142 -0.046032 -0.189376 -0.090695 0.057151 -0.206365 -0.092685 -0.059887 -0.222577
0.125513 0.028420 -0.193268 0.126418 -0.044512 -0.191116 -0.092088 0.057497 -0.209433 -0.093475 -0.059681 -0.223045
0.124695 0.029790 -0.194783 0.125879 -0.043119 -0.192792 -0.093361 0.057822 -0.212406 -0.094233 -0.059482 -0.223479
0.124045 0.031057 -0.196214 0.125471 -0.041813 -0.194418 -0.094512 0.058121 -0.215352 -0.094972 -0.059299 -0.223885
0.123476 0.032074 -0.197415 0.125143 -0.040759 -0.195788 -0.095448 0.058352 -0.217927 -0.095501 -0.059189 -0.224202
0.122873 0.032935 -0.198493 0.124829 -0.039865 -0.196997 -0.096295 0.058527 -0.220289 -0.095886 -0.059137 -0.224457
0.122558 0.033396 -0.199072 0.124647 -0.039398 -0.197643 -0.096523 0.058603 -0.221569 -0.096065 -0.059127 -0.224581
0.122156 0.034064 -0.199895 0.124347 -0.038744 -0.198545 -0.096360 0.058684 -0.223396 -0.096333 -0.059129 -0.224732
