0.127472 0.102631 0.010845 0.029769 0.020505 -0.014484 0.400107 0.182636 0.118644 0.084052 -0.419323 0.079588
0.077758 0.096660 -0.000426 0.025963 0.106902 0.056036 0.357997 0.146001 0.007131 -0.040882 -0.279991 0.105836
-0.082036 -0.001289 -0.013461 -0.010043 0.164245 0.134738 -0.007239 -0.074729 -0.209904 -0.233455 0.126143 0.051230
-0.102072 -0.003949 -0.013911 -0.013395 0.176015 0.158994 -0.006507 -0.104744 -0.312127 -0.348445 0.156356 0.063005
-0.119863 -0.007792 -0.015664 -0.016030 0.177064 0.169557 -0.007099 -0.129732 -0.419450 -0.469004 0.182035 0.074179
-0.144804 -0.012457 -0.019602 -0.018843 0.199164 0.196097 -0.009458 -0.157771 -0.530510 -0.594846 0.213284 0.089113
-0.167985 -0.016821 -0.024388 -0.020681 0.231445 0.228259 -0.012928 -0.178913 -0.604281 -0.679600 0.237565 0.102309
-0.181856 -0.020888 -0.028857 -0.020873 0.250209 0.245472 -0.016813 -0.187028 -0.635180 -0.715961 0.246334 0.109993
-0.225169 -0.029803 -0.039481 -0.023648 0.305675 0.296925 -0.025138 -0.221232 -0.756117 -0.854122 0.291252 0.135803
-0.253882 -0.038124 -0.048542 -0.024359 0.337189 0.323625 -0.033080 -0.238158 -0.816821 -0.924586 0.315012 0.153217
-0.266921 -0.045968 -0.054781 -0.022927 0.342342 0.323403 -0.035799 -0.237457 -0.812691 -0.922384 0.316656 0.160502
-0.310775 -0.061321 -0.062647 -0.023300 0.380113 0.352478 -0.017760 -0.263501 -0.887298 -1.010777 0.353015 0.178683
-0.342008 -0.077219 -0.064772 -0.021796 0.393748 0.357028 0.014130 -0.277231 -0.906451 -1.037579 0.372245 0.181999
-0.390915 -0.102485 -0.071308 -0.020366 0.412861 0.362720 0.032170 -0.300735 -0.939975 -1.083720 0.405844 0.190371
-0.390738 -0.115677 -0.071032 -0.016864 0.377107 0.320353 0.025772 -0.287077 -0.856184 -0.994205 0.384916 0.177126
-0.348632 -0.116428 -0.064781 -0.012100 0.297561 0.241637 0.000690 -0.243543 -0.690845 -0.805838 0.304056 0.146880
-0.483588 -0.184081 -0.093051 -0.012757 0.343727 0.259338 -0.052088 -0.318508 -0.862233 -1.005074 0.369255 0.188144
-0.537253 -0.231808 -0.105894 -0.011037 0.330535 0.231044 -0.109559 -0.338332 -0.882028 -1.028829 0.428181 0.197133
-0.475898 -0.242679 -0.097746 -0.006608 0.249345 0.155060 -0.171536 -0.284264 -0.702163 -0.822470 0.476550 0.163166
-0.524554 -0.299251 -0.121330 -0.004773 0.245086 0.135735 -0.346900 -0.301544 -0.707907 -0.835705 0.705490 0.171417
-0.567289 -0.353579 -0.155426 -0.002782 0.235529 0.111399 -0.636850 -0.314412 -0.695501 -0.832060 1.054768 0.177459
-0.549959 -0.366908 -0.171833 -0.000825 0.196145 0.072263 -0.860752 -0.293659 -0.607496 -0.741014 1.345851 0.165034
-0.536714 -0.378483 -0.185206 0.000660 0.152952 0.030701 -1.053677 -0.274399 -0.522748 -0.656632 1.609752 0.153965
-0.556062 -0.408549 -0.207342 0.001641 0.125015 -0.004123 -1.273290 -0.272059 -0.471286 -0.616270 1.882008 0.152883
-0.561636 -0.426752 -0.224196 0.002174 0.099500 -0.036100 -1.445791 -0.261652 -0.399778 -0.555790 2.041305 0.147713
-0.562297 -0.438733 -0.236909 0.002121 0.081224 -0.062469 -1.570031 -0.247939 -0.319172 -0.488072 2.086653 0.141151
-0.510044 -0.405617 -0.222053 0.001366 0.066063 -0.073964 -1.489611 -0.212060 -0.215656 -0.382880 1.839353 0.122213
-0.516623 -0.406388 -0.221726 0.000932 0.126594 -0.085314 -1.492067 -0.192388 -0.056040 -0.311212 1.685595 0.114164
-0.639914 -0.438005 -0.234016 0.001346 0.178238 -0.096257 -1.567503 -0.184669 -0.038636 -0.264633 1.656899 0.115344
-0.647226 -0.349106 -0.178182 0.001140 0.024426 -0.076086 -1.193330 -0.130428 -0.289490 -0.158651 1.196415 0.086430
-0.682926 -0.264773 -0.120760 0.000267 -0.248116 -0.053867 -0.833557 -0.087076 -0.589928 -0.079703 0.792110 0.061405
-2.312807 -0.455827 -0.152576 -0.003312 -1.712088 -0.068633 -1.216941 -0.124622 -1.869188 -0.035971 0.985687 0.096833
-3.899376 -0.479313 -0.115636 -0.006692 -3.282571 -0.043727 -1.157310 -0.118751 -2.667488 0.017383 0.677519 0.100303
-4.136633 -0.264187 -0.007771 -0.007456 -4.158710 0.017698 -0.522569 -0.056664 -1.735327 0.051650 -0.155360 0.057097
-4.558775 -0.183287 0.046922 -0.008733 -5.197943 0.054296 -0.239122 -0.031324 -0.616864 0.067860 -0.683498 0.039491
-4.448616 -0.117422 0.078807 -0.009456 -5.316867 0.078699 -0.017909 -0.010517 0.493979 0.075468 -1.021185 0.026277
-4.679782 -0.074690 0.110100 -0.012189 -5.781643 0.113664 0.185733 0.010076 1.815674 0.092523 -1.434282 0.030366
-4.886091 -0.044573 0.136486 -0.016022 -5.955185 0.154396 0.379400 0.031340 2.852174 0.113922 -1.858708 0.045069
-4.004910 -0.013417 0.135406 -0.017834 -4.785804 0.174527 0.512658 0.048608 3.169443 0.119116 -1.970337 0.054076
-2.970686 0.005324 0.129026 -0.019632 -3.418661 0.192843 0.615793 0.062945 2.693000 0.124016 -2.019090 0.061754
-1.953933 0.017084 0.138448 -0.024871 -2.130870 0.244303 0.815765 0.088017 1.925702 0.149178 -2.328353 0.079758
-0.835970 0.016877 0.113754 -0.023268 -0.911420 0.227986 0.774621 0.086311 0.942917 0.134584 -2.013924 0.075056
0.053652 0.009642 0.072522 -0.018343 0.097172 0.178514 0.598103 0.070523 -0.079282 0.101639 -1.445591 0.059049
0.994462 0.000255 0.085757 -0.033056 1.035846 0.319187 0.960431 0.130055 -1.008909 0.174822 -2.259399 0.105513
1.779261 -0.021737 0.072891 -0.043237 1.607117 0.415917 1.088377 0.171421 -1.566413 0.219630 -2.417224 0.136208
1.689392 -0.037865 0.030533 -0.033283 1.354964 0.318078 0.675946 0.132064 -1.296480 0.160875 -1.287527 0.102695
1.961239 -0.049360 0.016530 -0.033923 1.520299 0.308413 0.523140 0.133415 -1.379266 0.156133 -0.713832 0.102016
2.453086 -0.054025 -0.004444 -0.040413 1.881052 0.338471 0.442923 0.156674 -1.600742 0.178256 -0.402069 0.118369
2.678816 -0.048430 -0.026400 -0.043344 2.031777 0.325676 0.303047 0.164019 -1.554607 0.181014 -0.032217 0.122234
2.821447 -0.043443 -0.025756 -0.046374 2.097876 0.315627 0.262400 0.170500 -1.389183 0.183577 0.190975 0.125572
2.705618 -0.035649 -0.024506 -0.046497 1.950906 0.284915 0.223149 0.164624 -1.052085 0.173039 0.288705 0.119725
2.489727 -0.028745 -0.034167 -0.045917 1.756069 0.254928 0.174244 0.155744 -0.755900 0.160404 0.257805 0.111888
2.427980 -0.024793 -0.050712 -0.049957 1.704976 0.249629 0.138892 0.160676 -0.563713 0.162257 0.203173 0.113860
2.195070 -0.020336 -0.057732 -0.051122 1.555568 0.233653 0.107880 0.156529 -0.395185 0.155618 0.171471 0.109532
1.796860 -0.015057 -0.058472 -0.045905 1.304581 0.208086 0.076395 0.143140 -0.233674 0.141786 0.150580 0.099795
1.531524 -0.011968 -0.061538 -0.038023 1.155184 0.203035 0.058357 0.139516 -0.147187 0.140514 0.145244 0.098468
1.061456 -0.008178 -0.056378 -0.024899 0.857709 0.176554 0.037639 0.119943 -0.079850 0.125197 0.124554 0.085522
0.617261 -0.005838 -0.057060 -0.015754 0.608602 0.171547 0.023901 0.114533 -0.058896 0.128814 0.118395 0.081110
0.186407 -0.003906 -0.054046 -0.008140 0.373472 0.161005 0.013938 0.105549 -0.073116 0.128691 0.108542 0.072933
-0.270154 -0.001810 -0.047774 0.000454 0.156464 0.148205 0.005383 0.094630 -0.135852 0.128467 0.096654 0.061298
-0.611183 -0.000362 -0.042425 0.007080 0.027389 0.145326 0.001993 0.090501 -0.222872 0.135156 0.091881 0.053077
-0.884853 0.001041 -0.029062 0.012757 -0.103447 0.124989 0.001596 0.075296 -0.279098 0.126269 0.075910 0.036328
-1.150310 0.002072 -0.016231 0.017691 -0.208606 0.114492 0.005240 0.066660 -0.320312 0.125700 0.066534 0.025137
-1.390508 0.002833 -0.001050 0.021725 -0.296447 0.104959 0.012674 0.059249 -0.346305 0.125729 0.057950 0.020065
-1.489513 0.003114 0.012515 0.023133 -0.341077 0.089967 0.019239 0.049394 -0.333332 0.117587 0.046961 0.017548
-1.682110 0.003354 0.021719 0.025609 -0.399286 0.082082 0.022047 0.043591 -0.330032 0.118801 0.039843 0.016517
-1.856274 0.003381 0.026232 0.027535 -0.447517 0.076154 0.020979 0.038994 -0.315355 0.121608 0.034023 0.015651
-1.888360 0.002964 0.028220 0.026980 -0.460236 0.065501 0.018314 0.031852 -0.261349 0.116752 0.026049 0.013592
-1.943151 0.002388 0.030035 0.026477 -0.480913 0.058443 0.016637 0.026613 -0.201542 0.116306 0.019986 0.012104
-1.905400 0.001518 0.030036 0.024451 -0.486021 0.050397 0.014726 0.021148 -0.119411 0.112968 0.013943 0.010218
-1.843734 0.000439 0.029286 0.021798 -0.493672 0.043380 0.013100 0.016409 -0.028470 0.110780 0.008729 0.008367
-1.700497 -0.000841 0.026770 0.017880 -0.475749 0.035967 0.011349 0.011876 0.043627 0.105409 0.004188 0.006350
-1.586327 -0.002412 0.024044 0.013625 -0.457867 0.030029 0.010076 0.008047 0.094153 0.103390 0.000262 0.004423
-1.499849 -0.004311 0.021107 0.008983 -0.444590 0.025507 0.009252 0.004924 0.133289 0.104607 -0.003081 0.002574
-1.299724 -0.006279 0.015845 0.002809 -0.396816 0.019713 0.007999 0.001767 0.154375 0.099879 -0.005824 0.000427
-1.084092 -0.008328 0.009870 -0.003853 -0.343194 0.014610 0.006910 -0.000846 0.162288 0.095137 -0.007854 -0.001664
-0.858799 -0.010531 0.003429 -0.010705 -0.285594 0.010110 0.006016 -0.002893 0.158091 0.090276 -0.009214 -0.003623
-0.662399 -0.017321 -0.004792 -0.020678 -0.242703 0.004811 0.005710 -0.005141 0.156061 0.093981 -0.011103 -0.006331
-0.410931 -0.026333 -0.013569 -0.030060 -0.181038 -0.001491 0.005203 -0.006648 0.136017 0.091733 -0.011761 -0.008737
-0.156768 -0.036542 -0.023614 -0.039828 -0.116290 -0.007501 0.004560 -0.007542 0.142252 0.085020 -0.011285 -0.011011
-0.014745 -0.047842 -0.034148 -0.050594 -0.086601 -0.011641 0.004299 -0.008224 0.203775 0.082531 -0.010787 -0.013399
0.126033 -0.072961 -0.050316 -0.067780 -0.065845 -0.015104 0.004427 -0.009061 0.305602 0.084065 -0.010171 -0.017246
0.254096 -0.104982 -0.066563 -0.084440 -0.046373 -0.016943 0.004619 -0.009214 0.396099 0.083537 -0.009026 -0.020831
0.357515 -0.129072 -0.079529 -0.095399 -0.023144 -0.018119 0.004105 -0.007994 0.451136 0.074847 -0.011102 -0.022735
0.452970 -0.151052 -0.096482 -0.110353 -0.005792 -0.021577 0.003389 -0.006813 0.514825 0.070582 -0.019729 -0.025493
0.528856 -0.165717 -0.113004 -0.124293 0.009519 -0.026149 0.002695 -0.005143 0.565111 0.065543 -0.029657 -0.027966
0.599795 -0.177661 -0.131780 -0.140447 0.023347 -0.032388 0.002286 -0.003092 0.617035 0.061406 -0.039516 -0.030822
0.655589 -0.184074 -0.150245 -0.156152 0.035306 -0.039515 0.002112 -0.000652 0.659676 0.057143 -0.048557 -0.033460
0.712410 -0.188694 -0.172510 -0.175325 0.046901 -0.048811 0.002221 0.002306 0.708020 0.053415 -0.058311 -0.036711
0.781819 -0.193861 -0.184167 -0.184891 0.058923 -0.061358 -0.002566 -0.002202 0.773387 0.050889 -0.069937 -0.041219
0.731917 -0.169637 -0.147752 -0.148294 0.060168 -0.064878 -0.012918 -0.015881 0.724417 0.042054 -0.070439 -0.039698
0.791684 -0.165954 -0.118351 -0.119921 0.069221 -0.083093 -0.030685 -0.040064 0.782747 0.026941 -0.082838 -0.044977
0.920604 -0.171556 -0.102057 -0.104727 0.080959 -0.115650 -0.051079 -0.067614 0.899072 -0.013761 -0.103905 -0.055081
0.872394 -0.137189 -0.063132 -0.066456 0.065343 -0.135443 -0.064840 -0.086344 0.840901 -0.074319 -0.108586 -0.056443
0.778313 -0.098913 -0.030332 -0.033988 0.035384 -0.147061 -0.072494 -0.096901 0.749486 -0.118534 -0.107979 -0.055473
0.763102 -0.067024 -0.003899 -0.008173 0.017768 -0.172745 -0.085463 -0.114611 0.724046 -0.167919 -0.117617 -0.059931
0.768174 -0.032715 0.019391 0.014614 0.026657 -0.197991 -0.096838 -0.130321 0.693745 -0.211678 -0.126928 -0.064422
0.789249 0.011910 0.044193 0.038912 0.067822 -0.226668 -0.108066 -0.146127 0.646228 -0.256954 -0.136918 -0.069482
0.809361 0.055897 0.063699 0.058150 0.132037 -0.248715 -0.114873 -0.155988 0.584177 -0.288954 -0.143246 -0.072908
0.833422 0.102688 0.081974 0.076297 0.230437 -0.270715 -0.119179 -0.162770 0.497671 -0.315406 -0.147896 -0.075650
0.878383 0.132659 0.097777 0.091923 0.346568 -0.297863 -0.124066 -0.170463 0.405537 -0.341015 -0.154842 -0.079720
0.924535 0.145803 0.109646 0.103926 0.506273 -0.315617 -0.124261 -0.171967 0.246577 -0.353917 -0.157441 -0.081816
1.137702 0.163020 0.127449 0.121590 0.824535 -0.349069 -0.132151 -0.184377 0.040596 -0.388268 -0.171436 -0.089993
1.353250 0.169286 0.137608 0.132063 1.161533 -0.359486 -0.132465 -0.186521 -0.224725 -0.400329 -0.177432 -0.094239
1.523440 0.175031 0.143765 0.138833 1.434872 -0.360044 -0.129481 -0.184263 -0.469100 -0.402047 -0.180862 -0.097403
1.651175 0.182409 0.147116 0.142951 1.627130 -0.357267 -0.125321 -0.180349 -0.609668 -0.398443 -0.183677 -0.100310
1.660018 0.178094 0.140717 0.137672 1.661154 -0.333632 -0.114111 -0.166235 -0.635509 -0.370668 -0.176724 -0.097943
1.670232 0.174018 0.134271 0.132959 1.651186 -0.313774 -0.105144 -0.154311 -0.598448 -0.346405 -0.176092 -0.096570
1.935576 0.195455 0.143048 0.147474 1.834370 -0.339949 -0.116169 -0.164123 -0.569830 -0.371379 -0.231478 -0.105108
1.733873 0.172443 0.120676 0.128774 1.585608 -0.292585 -0.102174 -0.138764 -0.393341 -0.316286 -0.229839 -0.087369
1.824257 0.184125 0.119149 0.135054 1.617788 -0.301113 -0.130366 -0.138087 -0.190223 -0.317414 -0.207295 -0.084650
2.030704 0.214269 0.125382 0.154878 1.782963 -0.341708 -0.207074 -0.152389 -0.069389 -0.350645 -0.112837 -0.094209
1.524478 0.178457 0.089557 0.126042 1.316481 -0.275105 -0.254496 -0.117386 0.063849 -0.266730 0.157824 -0.076490
1.217169 0.170274 0.075037 0.116789 1.007576 -0.253341 -0.336864 -0.102297 0.129335 -0.223090 0.556979 -0.074844
0.800020 0.145657 0.052869 0.096446 0.620774 -0.208980 -0.391847 -0.078860 0.131156 -0.160550 0.938975 -0.068387
0.400528 0.118577 0.010152 0.073728 0.266828 -0.160908 -0.498909 -0.053476 0.086879 -0.091370 1.359646 -0.064362
0.187941 0.099866 -0.018948 0.056672 0.071021 -0.126003 -0.605366 -0.033840 0.060255 -0.034606 1.677250 -0.066022
0.052389 0.070420 -0.020795 0.032966 -0.049230 -0.077056 -0.598816 -0.010119 0.069055 0.027403 1.701711 -0.062615
0.026612 0.075680 -0.028228 0.017933 -0.090267 -0.048599 -0.658455 0.022617 0.113362 0.099020 1.874344 -0.071294
0.089786 0.120664 -0.050068 0.009348 -0.056391 -0.035757 -0.705309 0.073472 0.165804 0.183052 2.001488 -0.082385
0.201121 0.166867 -0.067559 0.003290 0.027524 -0.028550 -0.644803 0.121933 0.204096 0.253967 1.848185 -0.085319
0.291509 0.202307 -0.076429 -0.000939 0.077402 -0.026048 -0.570240 0.160268 0.240024 0.319156 1.670932 -0.089135
0.377715 0.247894 -0.082760 -0.004089 0.099658 -0.029218 -0.518948 0.206486 0.297513 0.412537 1.584803 -0.101494
0.469255 0.296708 -0.081145 -0.006329 0.118810 -0.036537 -0.449825 0.256098 0.368340 0.525066 1.478780 -0.118478
0.535331 0.329030 -0.063495 -0.007097 0.127428 -0.045483 -0.327423 0.291978 0.428727 0.622805 1.244533 -0.132424
0.545846 0.328426 -0.032131 -0.006161 0.120583 -0.052030 -0.172553 0.297667 0.451860 0.664470 0.904210 -0.136093
0.590734 0.349193 0.008412 -0.004583 0.118458 -0.064335 -0.012668 0.322234 0.511922 0.757482 0.603533 -0.151867
0.649222 0.379148 0.058486 -0.002354 0.117206 -0.080270 0.157513 0.354397 0.590726 0.869121 0.307134 -0.174259
0.666372 0.385533 0.115059 0.001112 0.104874 -0.095277 0.363565 0.364135 0.643391 0.928720 -0.073918 -0.189851
0.685205 0.394063 0.156061 0.005043 0.092049 -0.112914 0.587144 0.374962 0.703579 0.988159 -0.426887 -0.208787
0.704909 0.403683 0.184663 0.009808 0.077651 -0.135070 0.825522 0.386478 0.776644 1.051025 -0.767126 -0.233002
0.726497 0.414609 0.211641 0.015316 0.062206 -0.162891 1.053902 0.399255 0.863890 1.119465 -1.094469 -0.262405
0.655240 0.372648 0.206875 0.018286 0.039136 -0.170584 1.102212 0.361602 0.832290 1.041441 -1.220421 -0.255142
0.658631 0.372509 0.224078 0.023476 0.013203 -0.205483 1.264648 0.367198 0.890056 1.087585 -1.476971 -0.274682
0.678439 0.380942 0.243617 0.028605 -0.018009 -0.250000 1.432329 0.383896 0.959520 1.162713 -1.736648 -0.297031
0.599858 0.332712 0.227365 0.029659 -0.059474 -0.270608 1.393940 0.348129 0.889942 1.080353 -1.755167 -0.275589
0.547887 0.298691 0.217416 0.030670 -0.107274 -0.305101 1.384714 0.329401 0.850469 1.047341 -1.802570 -0.262244
0.490973 0.262514 0.203089 0.030410 -0.156386 -0.342773 1.346782 0.309580 0.799806 1.014343 -1.812694 -0.243957
0.445084 0.233910 0.189444 0.028786 -0.195723 -0.376912 1.319081 0.293820 0.760822 0.993586 -1.841365 -0.227013
0.384460 0.197219 0.166037 0.020698 -0.195844 -0.365387 1.231062 0.251959 0.693525 0.912371 -1.776906 -0.199063
0.317403 0.156473 0.136995 0.008400 -0.163339 -0.318976 1.109833 0.192798 0.614559 0.794045 -1.639836 -0.164447
0.223808 0.106284 0.093778 0.000591 -0.114669 -0.227927 0.807750 0.124799 0.453470 0.575723 -1.248816 -0.112274
0.189130 0.085770 0.072070 -0.003689 -0.107206 -0.184466 0.626401 0.093991 0.387165 0.485077 -1.135856 -0.080176
0.124407 0.055540 0.045159 -0.003256 -0.073679 -0.115873 0.391361 0.059760 0.254696 0.314507 -0.766006 -0.045925
