-0.291511 0.271294 -0.151978 0.149232 0.737076 0.737017 -0.684780 -0.675160 -1.414537 -1.436276 1.083953 1.066845
-0.286931 0.275170 -0.151717 0.150440 0.738212 0.736850 -0.670298 -0.668105 -1.410862 -1.434156 1.070485 1.070147
-0.288401 0.275160 -0.151995 0.150271 0.741352 0.739258 -0.670460 -0.669320 -1.414252 -1.437911 1.072753 1.071078
-0.290213 0.275119 -0.152256 0.150038 0.744782 0.742239 -0.670587 -0.671094 -1.419258 -1.443494 1.075531 1.072196
-0.292484 0.275002 -0.152551 0.149735 0.748393 0.745618 -0.670720 -0.673510 -1.426737 -1.451849 1.079008 1.073599
-0.295007 0.274807 -0.152882 0.149397 0.751865 0.749021 -0.670871 -0.676283 -1.436036 -1.462254 1.082812 1.075163
-0.298276 0.274504 -0.153336 0.148981 0.756359 0.753462 -0.671099 -0.679821 -1.447957 -1.475643 1.087539 1.077163
-0.301726 0.274134 -0.153858 0.148570 0.761122 0.758152 -0.671388 -0.683440 -1.460208 -1.489438 1.092315 1.079255
-0.305550 0.273669 -0.154490 0.148146 0.766368 0.763281 -0.671771 -0.687302 -1.473364 -1.504281 1.097392 1.081563
-0.310733 0.272942 -0.155437 0.147624 0.773349 0.770029 -0.672394 -0.692289 -1.490452 -1.523603 1.103965 1.084687
-0.315705 0.272144 -0.156432 0.147172 0.779855 0.776226 -0.673094 -0.696828 -1.506037 -1.541265 1.109993 1.087692
-0.321410 0.271103 -0.157628 0.146707 0.787043 0.782965 -0.673826 -0.701787 -1.522960 -1.560499 1.116631 1.091107
-0.328136 0.269691 -0.158937 0.146240 0.795060 0.790325 -0.673805 -0.707368 -1.541529 -1.581696 1.124113 1.094839
-0.335090 0.268015 -0.160219 0.145835 0.802793 0.797246 -0.673261 -0.712876 -1.559218 -1.602002 1.131521 1.098387
-0.343773 0.265591 -0.161790 0.145425 0.811574 0.804834 -0.672518 -0.719397 -1.579128 -1.625045 1.140347 1.102454
-0.350720 0.263387 -0.163060 0.145160 0.817877 0.810060 -0.672230 -0.724359 -1.593465 -1.641770 1.146918 1.105472
-0.357718 0.260934 -0.164381 0.144941 0.823477 0.814499 -0.672490 -0.729139 -1.606762 -1.657278 1.152509 1.108329
-0.370063 0.256024 -0.166782 0.144650 0.831626 0.820434 -0.674313 -0.737100 -1.627955 -1.681973 1.161688 1.112998
-0.379208 0.251662 -0.168617 0.144500 0.836698 0.823741 -0.676873 -0.742672 -1.642043 -1.698431 1.169637 1.116214
-0.389099 0.246317 -0.170692 0.144386 0.841600 0.826636 -0.681175 -0.748470 -1.656041 -1.714872 1.180750 1.119525
-0.400190 0.239692 -0.173470 0.144309 0.846501 0.829171 -0.690749 -0.754734 -1.670359 -1.731860 1.197856 1.123071
-0.411791 0.232174 -0.176909 0.144274 0.851021 0.831092 -0.706649 -0.761047 -1.683861 -1.748154 1.222940 1.126623
-0.422189 0.225016 -0.180343 0.144276 0.854347 0.832061 -0.725179 -0.766481 -1.694659 -1.761500 1.251690 1.129672
-0.433259 0.217035 -0.184318 0.144301 0.857139 0.832320 -0.748796 -0.772023 -1.704771 -1.774419 1.287331 1.132782
-0.444431 0.208674 -0.188637 0.144341 0.859348 0.831896 -0.776110 -0.777363 -1.713511 -1.786151 1.326971 1.135787
-0.455725 0.199965 -0.193285 0.144388 0.861119 0.830876 -0.806627 -0.782489 -1.720762 -1.796651 1.368983 1.138690
-0.466923 0.191124 -0.198113 0.144426 0.862597 0.829397 -0.838912 -0.787280 -1.726278 -1.805674 1.410437 1.141434
-0.476127 0.183740 -0.202168 0.144442 0.863762 0.827917 -0.866212 -0.790971 -1.729388 -1.811966 1.442557 1.143579
-0.487588 0.174869 -0.206982 0.144463 0.867661 0.825985 -0.898594 -0.794976 -1.728519 -1.818122 1.477860 1.146000
-0.501723 0.166220 -0.211528 0.144496 0.870891 0.824067 -0.928912 -0.798358 -1.730934 -1.822552 1.508833 1.148193
-0.513477 0.160905 -0.214110 0.144509 0.868638 0.822941 -0.946328 -0.800193 -1.740099 -1.824468 1.525717 1.149457
-0.529040 0.155629 -0.216359 0.144507 0.860967 0.821913 -0.962254 -0.801841 -1.754531 -1.825740 1.540517 1.150649
-0.605989 0.142671 -0.220213 0.144377 0.800154 0.820196 -0.995005 -0.805178 -1.814866 -1.825907 1.565145 1.153331
-0.685015 0.136456 -0.220984 0.144239 0.729664 0.820163 -1.008547 -0.806591 -1.861231 -1.825044 1.567618 1.154661
-0.771455 0.132104 -0.220524 0.144078 0.633806 0.820904 -1.015908 -0.807445 -1.884279 -1.823841 1.558930 1.155614
-0.867366 0.129125 -0.219107 0.143890 0.521746 0.822335 -1.018112 -0.807844 -1.885905 -1.822330 1.540278 1.156241
-0.949399 0.127407 -0.217371 0.143700 0.421131 0.824052 -1.016624 -0.807865 -1.864520 -1.820822 1.518083 1.156666
-1.054558 0.126137 -0.214703 0.143402 0.290480 0.826882 -1.010682 -0.807441 -1.813278 -1.818629 1.482907 1.157455
-1.144843 0.125624 -0.211912 0.143059 0.182924 0.830228 -1.001448 -0.806612 -1.750433 -1.816266 1.443734 1.158468
-1.214754 0.125600 -0.209287 0.142689 0.099048 0.833863 -0.990176 -0.805497 -1.686500 -1.813864 1.404093 1.159618
-1.263670 0.125837 -0.206751 0.142274 0.046177 0.837942 -0.976817 -0.804094 -1.642713 -1.811305 1.362971 1.160938
-1.292911 0.126284 -0.203749 0.141694 0.013814 0.843635 -0.957545 -0.801976 -1.609472 -1.807897 1.310959 1.162809
-1.297109 0.126512 -0.202201 0.141343 0.009720 0.847061 -0.945832 -0.800641 -1.604997 -1.805922 1.282414 1.163941
-1.290765 0.126670 -0.200848 0.140960 0.017700 0.850776 -0.933621 -0.799155 -1.612644 -1.803832 1.253136 1.165171
-1.257331 0.126522 -0.198770 0.140021 0.051154 0.859828 -0.907415 -0.795439 -1.645353 -1.798929 1.192038 1.168161
-1.219595 0.125800 -0.197932 0.139231 0.081985 0.867412 -0.890086 -0.792298 -1.675300 -1.795046 1.156447 1.170619
-1.189755 0.125008 -0.197549 0.138690 0.105353 0.872552 -0.880377 -0.790157 -1.697212 -1.792494 1.140537 1.172269
-1.141145 0.123826 -0.197271 0.137874 0.142797 0.879749 -0.869161 -0.786962 -1.730471 -1.788801 1.127893 1.174700
-1.091632 0.122847 -0.197727 0.137073 0.180595 0.886090 -0.862660 -0.783890 -1.761242 -1.785363 1.124454 1.177004
-1.033993 0.121888 -0.198327 0.136140 0.224068 0.892776 -0.857039 -0.780401 -1.792655 -1.781561 1.126605 1.179589
-0.978774 0.121109 -0.198757 0.135218 0.264510 0.898715 -0.852164 -0.777070 -1.816809 -1.778020 1.132093 1.182027
-0.925768 0.120462 -0.199307 0.134280 0.302104 0.904172 -0.848113 -0.773816 -1.834739 -1.774639 1.138153 1.184378
-0.879185 0.119959 -0.200124 0.133381 0.334753 0.908913 -0.845194 -0.770840 -1.847045 -1.771604 1.142405 1.186502
-0.828649 0.119471 -0.201336 0.132282 0.370303 0.914158 -0.842557 -0.767389 -1.857287 -1.768149 1.146280 1.188932
-0.791382 0.119146 -0.202433 0.131337 0.396975 0.918259 -0.840879 -0.764579 -1.862852 -1.765379 1.149264 1.190883
-0.756774 0.118868 -0.203675 0.130446 0.422487 0.922481 -0.839501 -0.761663 -1.866634 -1.762477 1.152303 1.192924
-0.730121 0.118667 -0.204894 0.129816 0.443183 0.926380 -0.838545 -0.758998 -1.868740 -1.759759 1.155074 1.194822
-0.714316 0.118541 -0.205930 0.129450 0.456795 0.929543 -0.837996 -0.756866 -1.869828 -1.757469 1.157285 1.196345
-0.705430 0.118434 -0.207177 0.129186 0.467527 0.933242 -0.837588 -0.754417 -1.871096 -1.754606 1.159810 1.198067
-0.706860 0.118385 -0.208092 0.129124 0.471734 0.935983 -0.837438 -0.752644 -1.872753 -1.752322 1.161627 1.199262
-0.716237 0.118361 -0.209088 0.129204 0.473785 0.939170 -0.837373 -0.750632 -1.876530 -1.749468 1.163676 1.200519
-0.731307 0.118371 -0.209789 0.129408 0.472829 0.941796 -0.837358 -0.749024 -1.881668 -1.746915 1.165302 1.201385
-0.751631 0.118403 -0.210250 0.129714 0.469647 0.944170 -0.837309 -0.747620 -1.887694 -1.744417 1.166712 1.201972
-0.777319 0.118453 -0.210438 0.130115 0.464485 0.946376 -0.837149 -0.746357 -1.894480 -1.741887 1.167963 1.202391
-0.807251 0.118516 -0.210292 0.130583 0.457790 0.948368 -0.836802 -0.745250 -1.901546 -1.739388 1.169030 1.202774
-0.836900 0.118578 -0.209938 0.131040 0.450842 0.949975 -0.836379 -0.744381 -1.907813 -1.737184 1.169842 1.203093
-0.874535 0.118650 -0.209424 0.131607 0.441818 0.951651 -0.835920 -0.743506 -1.914747 -1.734636 1.170624 1.203435
-0.911151 0.118713 -0.208888 0.132142 0.432941 0.953021 -0.835540 -0.742822 -1.920427 -1.732320 1.171203 1.203719
-0.950070 0.118769 -0.208295 0.132687 0.423409 0.954271 -0.835188 -0.742232 -1.925201 -1.729966 1.171666 1.203979
-0.988877 0.118809 -0.207687 0.133201 0.413705 0.955359 -0.834875 -0.741757 -1.928489 -1.727667 1.172002 1.204203
-1.026286 0.118830 -0.207093 0.133665 0.403968 0.956287 -0.834599 -0.741386 -1.929978 -1.725447 1.172224 1.204387
-1.062626 0.118826 -0.206515 0.134073 0.393958 0.957094 -0.834351 -0.741101 -1.929628 -1.723236 1.172351 1.204538
-1.094306 0.118796 -0.206022 0.134380 0.384938 0.957726 -0.834145 -0.740911 -1.928233 -1.721231 1.172391 1.204641
-1.126079 0.118730 -0.205554 0.134618 0.375643 0.958295 -0.833948 -0.740779 -1.925862 -1.719101 1.172362 1.204715
-1.154300 0.118624 -0.205178 0.134739 0.367154 0.958746 -0.833775 -0.740714 -1.922901 -1.717046 1.172268 1.204744
-1.178068 0.118479 -0.204920 0.134730 0.359771 0.959084 -0.833628 -0.740708 -1.919687 -1.715105 1.172129 1.204732
-1.197663 0.118291 -0.204783 0.134585 0.353426 0.959331 -0.833498 -0.740748 -1.916410 -1.713241 1.171954 1.204678
-1.212420 0.118057 -0.204783 0.134302 0.348347 0.959488 -0.833387 -0.740824 -1.913363 -1.711494 1.171760 1.204587
-1.224159 0.117598 -0.204975 0.133758 0.343718 0.959523 -0.833270 -0.740954 -1.910167 -1.709482 1.171510 1.204424
-1.228857 0.117004 -0.205325 0.133100 0.341105 0.959428 -0.833179 -0.741090 -1.907923 -1.707825 1.171290 1.204237
-1.230430 0.116136 -0.205920 0.132165 0.339067 0.959223 -0.833088 -0.741255 -1.904477 -1.706081 1.171058 1.203984
-1.229447 0.115090 -0.206691 0.131076 0.337641 0.958963 -0.833007 -0.741419 -1.899772 -1.704524 1.170858 1.203701
-1.225389 0.113218 -0.207932 0.129454 0.336433 0.958619 -0.832910 -0.741618 -1.892253 -1.702718 1.170651 1.203294
-1.219283 0.110891 -0.209354 0.127698 0.335787 0.958285 -0.832822 -0.741787 -1.883928 -1.701182 1.170497 1.202868
-1.211088 0.108055 -0.211113 0.125638 0.335507 0.957894 -0.832746 -0.741938 -1.874207 -1.699724 1.170207 1.202385
-1.201165 0.104849 -0.213213 0.123284 0.335555 0.957422 -0.832687 -0.742060 -1.863335 -1.698359 1.169708 1.201848
-1.189934 0.101426 -0.215634 0.120666 0.335888 0.956848 -0.832638 -0.742143 -1.851603 -1.697102 1.169021 1.201266
-1.177173 0.097743 -0.218484 0.117666 0.336489 0.956126 -0.832595 -0.742183 -1.838653 -1.695903 1.168128 1.200615
-1.163710 0.094063 -0.221643 0.114420 0.337300 0.955268 -0.832554 -0.742169 -1.825216 -1.694817 1.167079 1.199928
-1.148676 0.090195 -0.225385 0.110653 0.338365 0.954174 -0.832506 -0.742091 -1.810332 -1.693766 1.165795 1.199147
-1.132437 0.086309 -0.229010 0.107024 0.339657 0.952813 -0.832657 -0.742257 -1.794280 -1.692781 1.164281 1.198279
-1.119400 0.083409 -0.231295 0.104722 0.340772 0.951579 -0.833023 -0.742726 -1.781356 -1.692084 1.162978 1.197559
-1.100770 0.079670 -0.233744 0.102227 0.342426 0.949489 -0.833884 -0.743860 -1.762971 -1.691704 1.160968 1.196480
-1.082576 0.076547 -0.235377 0.100532 0.344010 0.946953 -0.835066 -0.745431 -1.745393 -1.692635 1.158821 1.195356
-1.065874 0.074183 -0.236269 0.099569 0.345040 0.944072 -0.836478 -0.747314 -1.729335 -1.694676 1.156624 1.194222
-1.051443 0.072591 -0.236590 0.099173 0.345425 0.941070 -0.837966 -0.749307 -1.715413 -1.697376 1.154502 1.193137
-1.035350 0.071502 -0.236425 0.099242 0.345750 0.937162 -0.839896 -0.751898 -1.700373 -1.701393 1.151920 1.191825
-1.020716 0.071282 -0.235815 0.099758 0.346492 0.933151 -0.841839 -0.754520 -1.687664 -1.705843 1.149425 1.190560
-1.003780 0.071978 -0.234658 0.100799 0.348463 0.928095 -0.844219 -0.757743 -1.674524 -1.711671 1.146443 1.189046
-0.988342 0.073518 -0.233267 0.102084 0.351773 0.923202 -0.846434 -0.760759 -1.664296 -1.717401 1.143695 1.187644
-0.970443 0.076086 -0.231379 0.103850 0.357681 0.917267 -0.848986 -0.764254 -1.654617 -1.724288 1.140527 1.186020
-0.953206 0.078824 -0.229356 0.105760 0.365636 0.911288 -0.851397 -0.767578 -1.648075 -1.731042 1.137502 1.184455
-0.933462 0.081918 -0.226993 0.108008 0.377932 0.904642 -0.853956 -0.771133 -1.644754 -1.738444 1.134229 1.182747
-0.907698 0.085345 -0.224258 0.110624 0.398617 0.897325 -0.856683 -0.774953 -1.646451 -1.746573 1.130644 1.180855
-0.879332 0.088689 -0.221488 0.113290 0.424393 0.890262 -0.859255 -0.778594 -1.653743 -1.754457 1.127132 1.178977
-0.846761 0.092346 -0.218507 0.116177 0.456012 0.882923 -0.861862 -0.782324 -1.665215 -1.762655 1.123410 1.176959
-0.813285 0.095986 -0.215604 0.119008 0.489478 0.875972 -0.864268 -0.785808 -1.678129 -1.770395 1.119785 1.174965
-0.780360 0.099470 -0.212878 0.121684 0.522458 0.869578 -0.866427 -0.788973 -1.690635 -1.777481 1.116341 1.173041
-0.746476 0.102946 -0.210233 0.124326 0.555526 0.863421 -0.868474 -0.791980 -1.702067 -1.784251 1.112741 1.171102
-0.702937 0.107288 -0.207156 0.127583 0.595833 0.855980 -0.871074 -0.795538 -1.713429 -1.792336 1.107082 1.168837
-0.677121 0.109844 -0.205406 0.129477 0.618950 0.851717 -0.872561 -0.797530 -1.717801 -1.796903 1.103548 1.167607
-0.629967 0.114653 -0.202391 0.132985 0.660545 0.843935 -0.876288 -0.801061 -1.721038 -1.805033 1.098790 1.165451
-0.595893 0.118415 -0.200391 0.135673 0.690268 0.838049 -0.880844 -0.803626 -1.720576 -1.810929 1.099034 1.163839
-0.568988 0.121792 -0.198808 0.138027 0.713204 0.832931 -0.886468 -0.805757 -1.718484 -1.815702 1.105103 1.162392
-0.547206 0.125226 -0.197389 0.140344 0.730571 0.827915 -0.894318 -0.807718 -1.715403 -1.819852 1.121314 1.160845
-0.536987 0.127618 -0.196693 0.141885 0.738035 0.824572 -0.902142 -0.808911 -1.713237 -1.822124 1.142662 1.159656
-0.531185 0.129969 -0.196983 0.143293 0.741245 0.821479 -0.914274 -0.809857 -1.711928 -1.823507 1.175699 1.158271
-0.529469 0.131612 -0.197451 0.144152 0.740876 0.819532 -0.926356 -0.810265 -1.710827 -1.823508 1.209752 1.157015
-0.529089 0.132786 -0.197815 0.144612 0.739275 0.818397 -0.938227 -0.810262 -1.709166 -1.822411 1.243768 1.155766
-0.528405 0.134640 -0.198580 0.144869 0.737265 0.817588 -0.952695 -0.809360 -1.706293 -1.819548 1.284725 1.154163
-0.525498 0.137612 -0.199818 0.144986 0.737020 0.816967 -0.966439 -0.807323 -1.702534 -1.815089 1.323827 1.152471
-0.520360 0.141314 -0.201283 0.145001 0.738366 0.816446 -0.978487 -0.804483 -1.698129 -1.809389 1.358653 1.150751
-0.513837 0.145705 -0.202875 0.144948 0.740116 0.815925 -0.989249 -0.800912 -1.692933 -1.802323 1.390665 1.148906
-0.505251 0.151230 -0.204593 0.144837 0.742352 0.815277 -0.999245 -0.796223 -1.686228 -1.792887 1.422045 1.146691
-0.495067 0.157573 -0.206121 0.144695 0.744868 0.814463 -1.007242 -0.790668 -1.678199 -1.781320 1.449816 1.144166
-0.483838 0.164391 -0.207133 0.144553 0.747449 0.813458 -1.012342 -0.784544 -1.669079 -1.767975 1.471826 1.141394
-0.473233 0.170710 -0.207406 0.144449 0.749692 0.812382 -1.014144 -0.778762 -1.660125 -1.754741 1.485984 1.138723
-0.460209 0.178359 -0.206797 0.144370 0.752188 0.810884 -1.012848 -0.771655 -1.648602 -1.737676 1.495968 1.135319
-0.447265 0.185876 -0.205066 0.144355 0.754380 0.809171 -1.007844 -0.764586 -1.636496 -1.719976 1.498270 1.131752
-0.433554 0.193780 -0.202194 0.144414 0.756383 0.807073 -0.998306 -0.757089 -1.622867 -1.700527 1.493011 1.127725
-0.419856 0.201638 -0.198824 0.144556 0.758062 0.804655 -0.984358 -0.749587 -1.608352 -1.680450 1.481194 1.123401
-0.405357 0.209928 -0.194808 0.144807 0.759489 0.801671 -0.965285 -0.741630 -1.591801 -1.658486 1.462326 1.118405
-0.390797 0.218223 -0.190358 0.145169 0.760550 0.798139 -0.942202 -0.733617 -1.573797 -1.635671 1.437415 1.112905
-0.379148 0.224834 -0.186533 0.145538 0.761054 0.794847 -0.921196 -0.727166 -1.558509 -1.616828 1.413509 1.108199
-0.364451 0.233123 -0.181395 0.146108 0.761078 0.789920 -0.891616 -0.718929 -1.538195 -1.592168 1.378337 1.101917
-0.352010 0.240071 -0.176788 0.146682 0.760334 0.784847 -0.863903 -0.711810 -1.520129 -1.570320 1.344043 1.096318
-0.340457 0.246432 -0.172301 0.147294 0.758699 0.779095 -0.835858 -0.705004 -1.502597 -1.548954 1.308130 1.090894
-0.330095 0.252019 -0.168091 0.147909 0.756043 0.772643 -0.808515 -0.698634 -1.486110 -1.528426 1.271940 1.085828
-0.320818 0.256932 -0.164177 0.148511 0.752444 0.765384 -0.781987 -0.692621 -1.470605 -1.508380 1.235622 1.081135
-0.312291 0.261375 -0.160514 0.149061 0.748214 0.757567 -0.755751 -0.686882 -1.455677 -1.488683 1.198286 1.076748
-0.305440 0.264821 -0.157535 0.149339 0.744610 0.750769 -0.732744 -0.682542 -1.442864 -1.471885 1.164546 1.073173
-0.299595 0.267634 -0.155034 0.149397 0.741680 0.744808 -0.711358 -0.679170 -1.431095 -1.456921 1.132692 1.070170
-0.296487 0.269072 -0.153784 0.149362 0.740023 0.741652 -0.700434 -0.677550 -1.424725 -1.448856 1.114593 1.068682
-0.292030 0.271065 -0.152151 0.149249 0.737392 0.737429 -0.686302 -0.675410 -1.415608 -1.437518 1.087258 1.066963