-0.186232 0.392352 -0.163876 0.185327 1.089708 0.776139 -0.412160 -0.982348 -1.538871 -1.998769 1.364274 1.366795
-0.201990 0.343650 -0.166735 0.182207 1.135552 0.678768 -0.440237 -0.939797 -1.520818 -1.899916 1.409504 1.379781
-0.209866 0.323346 -0.169172 0.180600 1.154209 0.637829 -0.463482 -0.915496 -1.513678 -1.854699 1.443332 1.383687
-0.217451 0.305769 -0.171967 0.178934 1.170757 0.601071 -0.489558 -0.890008 -1.507995 -1.811961 1.480632 1.385618
-0.225793 0.288755 -0.175511 0.176999 1.187665 0.562877 -0.522040 -0.859682 -1.503348 -1.765162 1.525766 1.385224
-0.233769 0.273776 -0.179302 0.175095 1.202688 0.527576 -0.556890 -0.828602 -1.500837 -1.720276 1.571334 1.382395
-0.241274 0.260223 -0.183146 0.173286 1.215938 0.495403 -0.593022 -0.797648 -1.500509 -1.677614 1.614931 1.377859
-0.249001 0.246761 -0.187448 0.171444 1.228816 0.464214 -0.633814 -0.764277 -1.502476 -1.633285 1.660283 1.371391
-0.256843 0.233615 -0.192145 0.169650 1.241381 0.435773 -0.678438 -0.729562 -1.506749 -1.588273 1.705830 1.363351
-0.264087 0.221991 -0.196638 0.168106 1.252763 0.413825 -0.721819 -0.697500 -1.512765 -1.546951 1.745753 1.354988
-0.270194 0.212934 -0.200360 0.166929 1.262347 0.399216 -0.759181 -0.671225 -1.519415 -1.514577 1.776168 1.347580
-0.277996 0.202908 -0.204675 0.165636 1.274086 0.384876 -0.805787 -0.640062 -1.529567 -1.479771 1.808579 1.338328
-0.285454 0.195223 -0.207992 0.164658 1.284865 0.374786 -0.847479 -0.613847 -1.540591 -1.455490 1.830880 1.330269
-0.293618 0.187826 -0.210498 0.163787 1.297616 0.368023 -0.889029 -0.588609 -1.552101 -1.438429 1.845093 1.322709
-0.300699 0.181601 -0.211575 0.163141 1.309310 0.365964 -0.921391 -0.568862 -1.567459 -1.429799 1.848206 1.317404
-0.309543 0.174822 -0.211383 0.162500 1.323816 0.367237 -0.954359 -0.548792 -1.595916 -1.424881 1.840574 1.312214
-0.320616 0.168664 -0.209969 0.161943 1.341313 0.371500 -0.982749 -0.531686 -1.631964 -1.423528 1.823156 1.307336
-0.339332 0.161294 -0.207127 0.161301 1.369249 0.380789 -1.013605 -0.512495 -1.692440 -1.424862 1.789860 1.301324
-0.362394 0.154404 -0.203826 0.160726 1.400558 0.393595 -1.038337 -0.495644 -1.762390 -1.428344 1.747781 1.295606
-0.389539 0.147826 -0.200454 0.160199 1.433662 0.409329 -1.057546 -0.480265 -1.833000 -1.433500 1.698762 1.290089
-0.422729 0.140859 -0.196904 0.159667 1.469444 0.429651 -1.072266 -0.464500 -1.912597 -1.440830 1.638188 1.284216
-0.456501 0.134451 -0.193754 0.159207 1.500033 0.451671 -1.079382 -0.450303 -1.986916 -1.449236 1.574396 1.278836
-0.492580 0.127936 -0.190744 0.158776 1.525274 0.477071 -1.079714 -0.435994 -2.059074 -1.459234 1.504963 1.273436
-0.527893 0.121570 -0.188025 0.158387 1.539458 0.504861 -1.072673 -0.422011 -2.121417 -1.470361 1.439922 1.268299
-0.561146 0.115308 -0.185858 0.158011 1.542949 0.534558 -1.061318 -0.408216 -2.173809 -1.482309 1.380109 1.263430
-0.588912 0.109438 -0.184204 0.157676 1.536679 0.564011 -1.048389 -0.395361 -2.213719 -1.494066 1.330753 1.259104
-0.613589 0.102594 -0.182519 0.157322 1.516190 0.599669 -1.032199 -0.381256 -2.246110 -1.507930 1.286632 1.254492
-0.627056 0.096324 -0.180981 0.157028 1.484457 0.633655 -1.017637 -0.369222 -2.262242 -1.520545 1.260893 1.250683
-0.633310 0.090940 -0.179786 0.156768 1.443928 0.667649 -1.005428 -0.358548 -2.268850 -1.532714 1.245750 1.247441
-0.634165 0.086158 -0.179187 0.156529 1.394248 0.703360 -0.996276 -0.348708 -2.267797 -1.545131 1.236874 1.244620
-0.630294 0.081414 -0.179162 0.156306 1.333562 0.742469 -0.990191 -0.339556 -2.258403 -1.558349 1.231979 1.242235
-0.623037 0.077061 -0.179628 0.156123 1.269071 0.781321 -0.986918 -0.332003 -2.242204 -1.571208 1.228958 1.240553
-0.613464 0.073207 -0.180404 0.155984 1.203745 0.819191 -0.985567 -0.326091 -2.220711 -1.583581 1.227641 1.239578
-0.601195 0.069631 -0.181405 0.155883 1.133496 0.859276 -0.985318 -0.321492 -2.192356 -1.596612 1.228598 1.239330
-0.587967 0.066694 -0.182407 0.155834 1.066267 0.897817 -0.985423 -0.318571 -2.160777 -1.609181 1.231723 1.239819
-0.574671 0.064464 -0.183292 0.155836 1.004821 0.933709 -0.985296 -0.317247 -2.127874 -1.621005 1.236788 1.240966
-0.559437 0.062620 -0.184149 0.155941 0.936892 0.974221 -0.984233 -0.317486 -2.086523 -1.634596 1.245291 1.243352
-0.544470 0.061626 -0.184764 0.156269 0.870540 1.014714 -0.981354 -0.321829 -2.040763 -1.648590 1.257285 1.249827
-0.531490 0.061581 -0.185059 0.156871 0.814456 1.050009 -0.976598 -0.331903 -1.997814 -1.661262 1.271114 1.262448
-0.517420 0.062489 -0.185137 0.158028 0.756246 1.087999 -0.968441 -0.352293 -1.949071 -1.675521 1.289963 1.287130
-0.504362 0.064372 -0.185043 0.159624 0.705823 1.122576 -0.957210 -0.380970 -1.902800 -1.688841 1.311115 1.322965
-0.491470 0.067248 -0.184927 0.161610 0.660292 1.155639 -0.942230 -0.416275 -1.857381 -1.701288 1.334019 1.367676
-0.477768 0.072353 -0.184673 0.164060 0.621345 1.185984 -0.923046 -0.456391 -1.814998 -1.711964 1.356570 1.416499
-0.462104 0.080859 -0.184093 0.166860 0.589471 1.212684 -0.900568 -0.498305 -1.777139 -1.720189 1.376556 1.463540
-0.435708 0.098298 -0.182925 0.171364 0.549717 1.248440 -0.862009 -0.563462 -1.724697 -1.728355 1.401125 1.529232
-0.412955 0.115661 -0.181784 0.175241 0.523103 1.273516 -0.827767 -0.616190 -1.685246 -1.730771 1.414319 1.578584
-0.390054 0.134688 -0.180485 0.179213 0.500426 1.295198 -0.792490 -0.666654 -1.648192 -1.729773 1.421228 1.624059
-0.366902 0.155235 -0.179025 0.183361 0.480316 1.314228 -0.756125 -0.715104 -1.612112 -1.726273 1.423444 1.666813
-0.340195 0.180402 -0.177171 0.188475 0.459759 1.332925 -0.713361 -0.767877 -1.570599 -1.719707 1.421105 1.712737
-0.315692 0.204632 -0.175355 0.193612 0.442732 1.347403 -0.673369 -0.814869 -1.531228 -1.711807 1.415295 1.752286
-0.292929 0.228060 -0.173626 0.198747 0.427616 1.358665 -0.635531 -0.857934 -1.493735 -1.703024 1.407099 1.787189
-0.273573 0.248667 -0.172122 0.203401 0.414260 1.366458 -0.603063 -0.894583 -1.461113 -1.694412 1.397977 1.815644
-0.257861 0.265887 -0.170808 0.207423 0.401987 1.371659 -0.575855 -0.925087 -1.433441 -1.686502 1.388957 1.838253
-0.244306 0.281629 -0.169505 0.211219 0.390058 1.375769 -0.550323 -0.953423 -1.407229 -1.678492 1.379300 1.857922
-0.235404 0.293227 -0.168497 0.213920 0.381848 1.378196 -0.531642 -0.973843 -1.388800 -1.672259 1.371441 1.870789
-0.230530 0.301078 -0.167848 0.215611 0.377477 1.379138 -0.520097 -0.986426 -1.378205 -1.668241 1.366181 1.878388
-0.229883 0.304075 -0.167691 0.216162 0.379348 1.385496 -0.511249 -0.997727 -1.377269 -1.677244 1.365201 1.879138
-0.228383 0.311537 -0.168089 0.216127 0.389179 1.405392 -0.504372 -1.012110 -1.387834 -1.703315 1.369283 1.875795
-0.225734 0.320577 -0.168459 0.215696 0.401682 1.427068 -0.497710 -1.028963 -1.399932 -1.740533 1.373118 1.868547
-0.221946 0.332972 -0.168803 0.214423 0.417812 1.451449 -0.490892 -1.049309 -1.414046 -1.797186 1.376819 1.853131
-0.217661 0.349627 -0.169071 0.212379 0.435273 1.475540 -0.484836 -1.070080 -1.427927 -1.856803 1.379877 1.828925
-0.212443 0.372593 -0.169295 0.209441 0.456235 1.500280 -0.478719 -1.091439 -1.443049 -1.924233 1.382708 1.792615
-0.207199 0.396994 -0.169445 0.206552 0.477343 1.520729 -0.473411 -1.108719 -1.456842 -1.988445 1.384919 1.752194
-0.201252 0.425448 -0.169545 0.203765 0.501625 1.539151 -0.468064 -1.124122 -1.471147 -2.055456 1.386875 1.703821
-0.194879 0.455681 -0.169583 0.201496 0.528285 1.552514 -0.462883 -1.135939 -1.485210 -2.118225 1.388459 1.650764
-0.187975 0.486571 -0.169556 0.199666 0.558083 1.558401 -0.457703 -1.143295 -1.499268 -2.175707 1.389698 1.593512
-0.181835 0.511034 -0.169477 0.198261 0.585589 1.554383 -0.453381 -1.144368 -1.510826 -2.218006 1.390418 1.543993
-0.175064 0.533675 -0.169334 0.197105 0.617163 1.540294 -0.448828 -1.140778 -1.522676 -2.255272 1.390840 1.492415
-0.169395 0.548479 -0.169170 0.196680 0.644862 1.520643 -0.445146 -1.135130 -1.531861 -2.277839 1.390881 1.453314
-0.162539 0.562182 -0.168892 0.196421 0.682953 1.484149 -0.440465 -1.125034 -1.542832 -2.296358 1.390501 1.410014
-0.158110 0.568621 -0.168614 0.196079 0.715380 1.446070 -0.436767 -1.115063 -1.550737 -2.303981 1.389800 1.383930
-0.154489 0.571061 -0.168260 0.195349 0.752038 1.396697 -0.432824 -1.102975 -1.558242 -2.305273 1.388622 1.364992
-0.152348 0.569388 -0.167909 0.194524 0.785264 1.347132 -0.429414 -1.091753 -1.563815 -2.300581 1.387214 1.353900
-0.151328 0.564679 -0.167558 0.193769 0.815905 1.297877 -0.426381 -1.081683 -1.567891 -2.291516 1.385607 1.347153
-0.151371 0.553127 -0.167025 0.192994 0.859282 1.223649 -0.422207 -1.068916 -1.571941 -2.271609 1.382812 1.340356
-0.152192 0.544097 -0.166711 0.192739 0.883235 1.180808 -0.419940 -1.062839 -1.573236 -2.257005 1.380969 1.337420
-0.153961 0.530410 -0.166314 0.192274 0.912531 1.127170 -0.417176 -1.055321 -1.573904 -2.235875 1.378408 1.335888
-0.157822 0.506662 -0.165747 0.191324 0.952699 1.051872 -0.413365 -1.044231 -1.572716 -2.200580 1.374285 1.337291
-0.161746 0.486514 -0.165329 0.190409 0.981574 0.995869 -0.410586 -1.035191 -1.569313 -2.168976 1.370807 1.340687
-0.166914 0.463524 -0.164841 0.189268 1.011206 0.936612 -0.407824 -1.024369 -1.563482 -2.130462 1.366355 1.346046
-0.172202 0.442320 -0.164295 0.188152 1.036522 0.885612 -0.406396 -1.013504 -1.556895 -2.093029 1.361780 1.351847
-0.178235 0.420235 -0.163848 0.186930 1.061129 0.835393 -0.406994 -1.000804 -1.549170 -2.052110 1.359260 1.358419
-0.185914 0.393433 -0.163857 0.185390 1.088642 0.778364 -0.411846 -0.983124 -1.539275 -2.000869 1.363838 1.366476
