0.122110 0.034143 -0.199992 0.124304 -0.038671 -0.198643 -0.096300 0.058690 -0.223608 -0.096374 -0.059131 -0.224746
0.121512 0.034976 -0.200364 0.124126 -0.037852 -0.198750 -0.097888 0.058578 -0.224724 -0.098334 -0.058852 -0.224801
0.121236 0.034766 -0.200052 0.124028 -0.037943 -0.198438 -0.098124 0.058533 -0.224606 -0.098176 -0.058902 -0.224717
0.121068 0.034526 -0.199603 0.124000 -0.038081 -0.197977 -0.098428 0.058496 -0.224463 -0.097917 -0.058971 -0.224607
0.121115 0.034256 -0.198949 0.124171 -0.038299 -0.197290 -0.098813 0.058458 -0.224283 -0.097550 -0.059061 -0.224463
0.121374 0.033982 -0.198146 0.124536 -0.038580 -0.196433 -0.099234 0.058414 -0.224085 -0.097123 -0.059161 -0.224300
0.121693 0.033633 -0.197107 0.124991 -0.038953 -0.195323 -0.099746 0.058352 -0.223835 -0.096581 -0.059286 -0.224090
0.121992 0.033264 -0.196031 0.125432 -0.039351 -0.194169 -0.100249 0.058275 -0.223580 -0.096033 -0.059411 -0.223871
0.122284 0.032856 -0.194862 0.125885 -0.039795 -0.192917 -0.100766 0.058177 -0.223304 -0.095458 -0.059541 -0.223631
0.122627 0.032303 -0.193325 0.126452 -0.040399 -0.191272 -0.101407 0.058023 -0.222939 -0.094734 -0.059705 -0.223313
0.122910 0.031768 -0.191906 0.126956 -0.040978 -0.189754 -0.101964 0.057855 -0.222598 -0.094096 -0.059849 -0.223012
0.123190 0.031148 -0.190343 0.127498 -0.041644 -0.188084 -0.102585 0.057649 -0.222220 -0.093417 -0.060003 -0.222675
0.123469 0.030406 -0.188600 0.128095 -0.042429 -0.186225 -0.103467 0.057425 -0.221809 -0.092642 -0.060162 -0.222297
0.123713 0.029622 -0.186910 0.128680 -0.043241 -0.184426 -0.104450 0.057207 -0.221408 -0.091862 -0.060306 -0.221929
0.123971 0.028616 -0.184965 0.129374 -0.044257 -0.182363 -0.105639 0.056938 -0.220921 -0.090927 -0.060460 -0.221494
0.124157 0.027786 -0.183534 0.129918 -0.045073 -0.180850 -0.106463 0.056719 -0.220548 -0.090208 -0.060567 -0.221164
0.124373 0.026936 -0.182181 0.130484 -0.045900 -0.179437 -0.107052 0.056484 -0.220215 -0.089513 -0.060662 -0.220846
0.124850 0.025406 -0.179971 0.131563 -0.047388 -0.177159 -0.107713 0.056053 -0.219634 -0.088345 -0.060803 -0.220316
0.125223 0.024255 -0.178457 0.132374 -0.048564 -0.175622 -0.108072 0.055741 -0.219105 -0.087526 -0.060891 -0.219942
0.125612 0.022996 -0.176913 0.133239 -0.049902 -0.174067 -0.108415 0.055417 -0.218344 -0.086670 -0.060972 -0.219551
0.126024 0.021569 -0.175285 0.134190 -0.051461 -0.172437 -0.108310 0.055029 -0.217102 -0.085746 -0.061050 -0.219128
0.126426 0.020059 -0.173693 0.135169 -0.053139 -0.170844 -0.107769 0.054619 -0.215216 -0.084815 -0.061120 -0.218696
0.126792 0.018684 -0.172365 0.136055 -0.054669 -0.169511 -0.107104 0.054283 -0.213006 -0.084015 -0.061175 -0.218322
0.127186 0.017191 -0.171059 0.137009 -0.056312 -0.168190 -0.106177 0.053959 -0.210194 -0.083202 -0.061225 -0.217937
0.127558 0.015650 -0.169853 0.137967 -0.057977 -0.166958 -0.104979 0.053667 -0.206964 -0.082422 -0.061271 -0.217562
0.127875 0.014048 -0.168758 0.138916 -0.059655 -0.165820 -0.103459 0.053398 -0.203412 -0.081677 -0.061314 -0.217199
0.128092 0.012406 -0.167803 0.139816 -0.061308 -0.164805 -0.101610 0.053147 -0.199758 -0.080987 -0.061355 -0.216855
0.128158 0.011004 -0.167130 0.140508 -0.062652 -0.164068 -0.099804 0.052944 -0.196796 -0.080460 -0.061391 -0.216587
0.127426 0.009051 -0.166689 0.141258 -0.064228 -0.163311 -0.097447 0.052707 -0.193399 -0.079902 -0.061430 -0.216290
0.127086 0.006817 -0.165813 0.141876 -0.065724 -0.162723 -0.095112 0.052493 -0.190290 -0.079449 -0.061460 -0.216032
0.128235 0.005318 -0.164444 0.142189 -0.066625 -0.162441 -0.093713 0.052381 -0.188538 -0.079213 -0.061478 -0.215889
0.130708 0.003499 -0.162392 0.142441 -0.067506 -0.162226 -0.092391 0.052302 -0.186961 -0.079008 -0.061498 -0.215756
0.145126 -0.004815 -0.152177 0.142724 -0.069613 -0.162008 -0.089129 0.052227 -0.184061 -0.078627 -0.061567 -0.215475
0.158969 -0.012176 -0.141534 0.142670 -0.070607 -0.162006 -0.086964 0.052242 -0.183362 -0.078489 -0.061615 -0.215347
0.174373 -0.019601 -0.130539 0.142468 -0.071293 -0.162079 -0.084679 0.052265 -0.183638 -0.078425 -0.061662 -0.215261
0.190432 -0.026960 -0.118713 0.142135 -0.071751 -0.162214 -0.082192 0.052279 -0.184747 -0.078417 -0.061709 -0.215213
0.203802 -0.033049 -0.109170 0.141756 -0.072006 -0.162372 -0.079948 0.052279 -0.186201 -0.078465 -0.061753 -0.215192
0.220617 -0.040223 -0.097167 0.141151 -0.072178 -0.162626 -0.076998 0.052258 -0.188584 -0.078650 -0.061819 -0.215177
0.234351 -0.046303 -0.087144 0.140448 -0.072224 -0.162914 -0.074148 0.052209 -0.191263 -0.078950 -0.061893 -0.215170
0.245128 -0.051125 -0.079475 0.139695 -0.072189 -0.163214 -0.071590 0.052139 -0.193969 -0.079327 -0.061973 -0.215170
0.251956 -0.054246 -0.073988 0.138857 -0.072111 -0.163537 -0.069228 0.052046 -0.196764 -0.079785 -0.062060 -0.215175
0.256164 -0.056605 -0.070833 0.137693 -0.071984 -0.163966 -0.066682 0.051907 -0.200299 -0.080462 -0.062183 -0.215187
0.256698 -0.056956 -0.070380 0.136996 -0.071916 -0.164210 -0.065507 0.051820 -0.202244 -0.080882 -0.062257 -0.215195
0.255662 -0.056533 -0.071096 0.136242 -0.071858 -0.164465 -0.064343 0.051695 -0.204203 -0.081347 -0.062338 -0.215205
0.251318 -0.054044 -0.074767 0.134408 -0.071809 -0.165041 -0.062075 0.051317 -0.208193 -0.082498 -0.062536 -0.215228
0.247321 -0.050997 -0.078772 0.132881 -0.071872 -0.165473 -0.061193 0.051018 -0.210557 -0.083461 -0.062702 -0.215247
0.244301 -0.048513 -0.081865 0.131848 -0.071967 -0.165745 -0.061213 0.050865 -0.211723 -0.084115 -0.062817 -0.215257
0.239482 -0.044363 -0.086776 0.130385 -0.072113 -0.166124 -0.061969 0.050695 -0.212868 -0.085085 -0.062989 -0.215271
0.234645 -0.040046 -0.091638 0.129074 -0.072231 -0.166467 -0.062901 0.050492 -0.213397 -0.086013 -0.063160 -0.215280
0.229114 -0.034987 -0.097187 0.127673 -0.072344 -0.166835 -0.064353 0.050307 -0.213678 -0.087064 -0.063358 -0.215288
0.223991 -0.030186 -0.102478 0.126410 -0.072431 -0.167170 -0.066066 0.050193 -0.213786 -0.088062 -0.063555 -0.215290
0.219226 -0.025585 -0.107561 0.125233 -0.072500 -0.167482 -0.067674 0.050071 -0.213808 -0.089033 -0.063756 -0.215289
0.215068 -0.021494 -0.112031 0.124198 -0.072551 -0.167756 -0.068818 0.049893 -0.213818 -0.089917 -0.063950 -0.215285
0.210496 -0.016985 -0.116896 0.123042 -0.072595 -0.168062 -0.069854 0.049633 -0.213818 -0.090938 -0.064186 -0.215276
0.207022 -0.013600 -0.120505 0.122128 -0.072619 -0.168302 -0.070578 0.049402 -0.213792 -0.091765 -0.064389 -0.215266
0.203654 -0.010411 -0.123888 0.121180 -0.072636 -0.168551 -0.071244 0.049145 -0.213744 -0.092626 -0.064582 -0.215252
0.200885 -0.007934 -0.126533 0.120298 -0.072642 -0.168780 -0.071788 0.048896 -0.213680 -0.093415 -0.064719 -0.215236
0.199046 -0.006477 -0.128147 0.119574 -0.072640 -0.168970 -0.072177 0.048687 -0.213616 -0.094047 -0.064799 -0.215221
0.197599 -0.005721 -0.129139 0.118707 -0.072630 -0.169207 -0.072573 0.048437 -0.213529 -0.094769 -0.064858 -0.215205
0.197055 -0.005957 -0.129113 0.118049 -0.072616 -0.169396 -0.072829 0.048255 -0.213458 -0.095285 -0.064872 -0.215196
0.196855 -0.006939 -0.128277 0.117265 -0.072592 -0.169631 -0.073095 0.048060 -0.213371 -0.095859 -0.064855 -0.215191
0.197096 -0.008381 -0.126789 0.116598 -0.072566 -0.169840 -0.073299 0.047924 -0.213300 -0.096302 -0.064812 -0.215196
0.197652 -0.010265 -0.124748 0.115977 -0.072536 -0.170045 -0.073482 0.047838 -0.213242 -0.096668 -0.064744 -0.215210
0.198478 -0.012580 -0.122150 0.115379 -0.072503 -0.170253 -0.073670 0.047807 -0.213198 -0.096985 -0.064656 -0.215229
0.199496 -0.015204 -0.119114 0.114819 -0.072468 -0.170458 -0.073874 0.047843 -0.213173 -0.097264 -0.064554 -0.215245
0.200515 -0.017734 -0.116105 0.114348 -0.072436 -0.170640 -0.074062 0.047921 -0.213164 -0.097486 -0.064454 -0.215258
0.201791 -0.020857 -0.112287 0.113833 -0.072399 -0.170850 -0.074255 0.048033 -0.213159 -0.097712 -0.064331 -0.215270
0.203009 -0.023815 -0.108580 0.113390 -0.072365 -0.171042 -0.074406 0.048148 -0.213159 -0.097890 -0.064215 -0.215279
0.204277 -0.026890 -0.104652 0.112962 -0.072332 -0.171238 -0.074536 0.048274 -0.213162 -0.098045 -0.064098 -0.215287
0.205535 -0.029908 -0.100750 0.112565 -0.072303 -0.171430 -0.074643 0.048404 -0.213169 -0.098172 -0.063987 -0.215293
0.206771 -0.032800 -0.097009 0.112202 -0.072276 -0.171615 -0.074728 0.048529 -0.213177 -0.098272 -0.063887 -0.215297
0.208020 -0.035610 -0.093390 0.111859 -0.072255 -0.171800 -0.074797 0.048650 -0.213188 -0.098350 -0.063799 -0.215300
0.209135 -0.038038 -0.090223 0.111565 -0.072240 -0.171969 -0.074844 0.048754 -0.213201 -0.098402 -0.063734 -0.215303
0.210279 -0.040451 -0.087028 0.111268 -0.072230 -0.172148 -0.074882 0.048852 -0.213215 -0.098439 -0.063682 -0.215305
0.211320 -0.042578 -0.084172 0.110998 -0.072227 -0.172322 -0.074907 0.048929 -0.213230 -0.098456 -0.063656 -0.215306
0.212225 -0.044367 -0.081752 0.110758 -0.072233 -0.172486 -0.074921 0.048981 -0.213246 -0.098456 -0.063658 -0.215307
0.213001 -0.045848 -0.079750 0.110539 -0.072246 -0.172643 -0.074926 0.049007 -0.213260 -0.098442 -0.063689 -0.215307
0.213623 -0.046979 -0.078241 0.110347 -0.072268 -0.172791 -0.074926 0.049004 -0.213274 -0.098415 -0.063749 -0.215308
0.214190 -0.047907 -0.077044 0.110150 -0.072327 -0.172959 -0.074920 0.048960 -0.213289 -0.098368 -0.063866 -0.215309
0.214510 -0.048330 -0.076582 0.110008 -0.072412 -0.173096 -0.074912 0.048882 -0.213301 -0.098317 -0.064006 -0.215310
0.214759 -0.048707 -0.076509 0.109877 -0.072544 -0.173237 -0.074903 0.048752 -0.213313 -0.098253 -0.064206 -0.215311
0.214931 -0.049091 -0.076775 0.109773 -0.072709 -0.173360 -0.074895 0.048585 -0.213320 -0.098186 -0.064439 -0.215312
0.215069 -0.049599 -0.077492 0.109658 -0.073015 -0.173491 -0.074890 0.048318 -0.213325 -0.098096 -0.064786 -0.215314
0.215130 -0.050087 -0.078483 0.109569 -0.073403 -0.173589 -0.074890 0.048012 -0.213327 -0.098010 -0.065162 -0.215316
0.215130 -0.050600 -0.079778 0.109495 -0.073880 -0.173671 -0.074870 0.047633 -0.213331 -0.097922 -0.065603 -0.215318
0.215071 -0.051123 -0.081333 0.109445 -0.074424 -0.173738 -0.074822 0.047180 -0.213339 -0.097833 -0.066106 -0.215319
0.214953 -0.051644 -0.083098 0.109422 -0.075006 -0.173790 -0.074748 0.046657 -0.213350 -0.097748 -0.066666 -0.215320
0.214770 -0.052175 -0.085116 0.109431 -0.075634 -0.173834 -0.074647 0.046040 -0.213365 -0.097664 -0.067308 -0.215320
0.214532 -0.052684 -0.087268 0.109473 -0.076264 -0.173867 -0.074527 0.045356 -0.213382 -0.097587 -0.068002 -0.215319
0.214213 -0.053202 -0.089704 0.109560 -0.076926 -0.173895 -0.074379 0.044544 -0.213400 -0.097512 -0.068808 -0.215315
0.213812 -0.053709 -0.092378 0.109698 -0.077592 -0.173920 -0.074162 0.043758 -0.213416 -0.097375 -0.069585 -0.215308
0.213451 -0.054081 -0.094556 0.109843 -0.078089 -0.173937 -0.073924 0.043263 -0.213423 -0.097191 -0.070077 -0.215300
0.212883 -0.054535 -0.097708 0.110164 -0.078734 -0.173920 -0.073496 0.042731 -0.213430 -0.096825 -0.070611 -0.215288
0.212293 -0.054851 -0.100806 0.110688 -0.079279 -0.173807 -0.072983 0.042377 -0.213434 -0.096359 -0.070975 -0.215276
0.211774 -0.055027 -0.103662 0.111376 -0.079700 -0.173619 -0.072414 0.042184 -0.213435 -0.095826 -0.071182 -0.215264
0.211370 -0.055090 -0.106135 0.112147 -0.079991 -0.173388 -0.071839 0.042114 -0.213434 -0.095275 -0.071268 -0.215254
0.210917 -0.055036 -0.108883 0.113193 -0.080200 -0.173062 -0.071113 0.042151 -0.213431 -0.094570 -0.071254 -0.215242
0.210439 -0.054857 -0.111356 0.114293 -0.080263 -0.172712 -0.070396 0.042284 -0.213426 -0.093864 -0.071145 -0.215232
0.209737 -0.054493 -0.114179 0.115694 -0.080176 -0.172265 -0.069525 0.042536 -0.213420 -0.093000 -0.070924 -0.215221
0.208894 -0.054016 -0.116713 0.117049 -0.079946 -0.171833 -0.068717 0.042839 -0.213412 -0.092193 -0.070651 -0.215210
0.207641 -0.053302 -0.119599 0.118677 -0.079549 -0.171315 -0.067787 0.043249 -0.213403 -0.091259 -0.070274 -0.215197
0.206151 -0.052402 -0.122284 0.120288 -0.079126 -0.170796 -0.066902 0.043689 -0.213393 -0.090366 -0.069868 -0.215186
0.204070 -0.051059 -0.125189 0.122057 -0.078652 -0.170209 -0.065955 0.044202 -0.213382 -0.089409 -0.069389 -0.215173
0.200820 -0.048846 -0.128697 0.123985 -0.078133 -0.169541 -0.064934 0.044795 -0.213368 -0.088372 -0.068831 -0.215158
0.196965 -0.045870 -0.132183 0.125833 -0.077632 -0.168867 -0.063952 0.045395 -0.213355 -0.087374 -0.068264 -0.215144
0.192346 -0.042041 -0.135864 0.127736 -0.077089 -0.168145 -0.062938 0.046040 -0.213342 -0.086341 -0.067648 -0.215130
0.187502 -0.037808 -0.139384 0.129518 -0.076552 -0.167444 -0.061977 0.046667 -0.213332 -0.085361 -0.067045 -0.215117
0.182734 -0.033442 -0.142640 0.131141 -0.076041 -0.166785 -0.061089 0.047255 -0.213322 -0.084459 -0.066474 -0.215107
0.177915 -0.028801 -0.145815 0.132684 -0.075536 -0.166139 -0.060205 0.047825 -0.213319 -0.083586 -0.065911 -0.215099
0.171921 -0.022735 -0.149750 0.134524 -0.074909 -0.165349 -0.058944 0.048482 -0.213337 -0.082558 -0.065216 -0.215082
0.168366 -0.019141 -0.152077 0.135565 -0.074541 -0.164893 -0.058185 0.048854 -0.213352 -0.081987 -0.064813 -0.215068
0.161675 -0.012575 -0.156343 0.137432 -0.073855 -0.164063 -0.056799 0.049523 -0.213247 -0.080977 -0.064067 -0.215039
0.156692 -0.007761 -0.159366 0.138812 -0.073319 -0.163447 -0.055874 0.050016 -0.212932 -0.080237 -0.063496 -0.215015
0.152706 -0.003906 -0.161710 0.139977 -0.072837 -0.162939 -0.055467 0.050467 -0.212372 -0.079610 -0.062994 -0.214998
0.149564 -0.000757 -0.163589 0.141073 -0.072341 -0.162491 -0.055885 0.050971 -0.211365 -0.079006 -0.062500 -0.214990
0.148147 0.000717 -0.164486 0.141765 -0.071989 -0.162242 -0.056962 0.051353 -0.210189 -0.078608 -0.062169 -0.214996
0.147508 0.001569 -0.164974 0.142354 -0.071633 -0.162088 -0.058624 0.051668 -0.208306 -0.078238 -0.061865 -0.215021
0.147490 0.001797 -0.165161 0.142663 -0.071370 -0.162087 -0.060423 0.051966 -0.206324 -0.077998 -0.061675 -0.215062
0.147639 0.001785 -0.165308 0.142766 -0.071167 -0.162209 -0.062259 0.052300 -0.204289 -0.077847 -0.061568 -0.215120
0.147769 0.001763 -0.165576 0.142694 -0.070825 -0.162538 -0.064428 0.052657 -0.201733 -0.077842 -0.061496 -0.215236
0.147533 0.002045 -0.166074 0.142480 -0.070276 -0.163058 -0.066505 0.052919 -0.199204 -0.078066 -0.061445 -0.215411
0.146977 0.002652 -0.166774 0.142159 -0.069586 -0.163721 -0.068384 0.053099 -0.196887 -0.078459 -0.061411 -0.215626
0.146288 0.003454 -0.167621 0.141739 -0.068757 -0.164537 -0.070164 0.053232 -0.194714 -0.078993 -0.061385 -0.215881
0.145396 0.004533 -0.168711 0.141162 -0.067695 -0.165610 -0.072002 0.053345 -0.192553 -0.079721 -0.061361 -0.216203
0.144345 0.005834 -0.169995 0.140447 -0.066451 -0.166904 -0.073777 0.053450 -0.190638 -0.080597 -0.061337 -0.216577
0.143186 0.007285 -0.171412 0.139617 -0.065082 -0.168368 -0.075404 0.053570 -0.189149 -0.081567 -0.061309 -0.216985
0.142086 0.008671 -0.172759 0.138792 -0.063782 -0.169794 -0.076715 0.053708 -0.188249 -0.082479 -0.061276 -0.217368
0.140720 0.010387 -0.174432 0.137723 -0.062169 -0.171597 -0.078106 0.053932 -0.187730 -0.083590 -0.061225 -0.217838
0.139341 0.012109 -0.176121 0.136616 -0.060544 -0.173428 -0.079292 0.054235 -0.187836 -0.084676 -0.061159 -0.218309
0.137848 0.013950 -0.177944 0.135405 -0.058793 -0.175396 -0.080449 0.054617 -0.188603 -0.085802 -0.061073 -0.218813
0.136313 0.015802 -0.179808 0.134169 -0.057014 -0.177383 -0.081686 0.054979 -0.189962 -0.086898 -0.060968 -0.219325
0.134621 0.017776 -0.181841 0.132841 -0.055094 -0.179506 -0.083101 0.055348 -0.191961 -0.088016 -0.060832 -0.219882
0.132835 0.019772 -0.183956 0.131501 -0.053128 -0.181656 -0.084629 0.055717 -0.194472 -0.089091 -0.060668 -0.220458
0.131366 0.021385 -0.185687 0.130436 -0.051526 -0.183392 -0.085925 0.056021 -0.196796 -0.089926 -0.060518 -0.220930
0.129498 0.023450 -0.187910 0.129121 -0.049470 -0.185612 -0.087655 0.056425 -0.200103 -0.090965 -0.060303 -0.221541
0.127949 0.025228 -0.189819 0.128058 -0.047700 -0.187534 -0.089199 0.056789 -0.203213 -0.091846 -0.060098 -0.222071
0.126593 0.026903 -0.191619 0.127141 -0.046031 -0.189375 -0.090697 0.057152 -0.206363 -0.092685 -0.059887 -0.222577
0.125513 0.028422 -0.193267 0.126417 -0.044512 -0.191115 -0.092090 0.057498 -0.209430 -0.093475 -0.059681 -0.223045
0.124694 0.029791 -0.194783 0.125879 -0.043118 -0.192791 -0.093363 0.057823 -0.212404 -0.094234 -0.059482 -0.223479
0.124045 0.031058 -0.196213 0.125471 -0.041813 -0.194417 -0.094513 0.058123 -0.215350 -0.094972 -0.059299 -0.223885
0.123475 0.032075 -0.197414 0.125143 -0.040758 -0.195788 -0.095449 0.058353 -0.217925 -0.095501 -0.059189 -0.224202
0.122872 0.032935 -0.198493 0.124829 -0.039865 -0.196997 -0.096296 0.058527 -0.220288 -0.095886 -0.059137 -0.224457
0.122558 0.033396 -0.199071 0.124646 -0.039398 -0.197643 -0.096524 0.058604 -0.221568 -0.096066 -0.059127 -0.224581
0.122156 0.034064 -0.199895 0.124347 -0.038744 -0.198545 -0.096360 0.058684 -0.223396 -0.096333 -0.059129 -0.224732